                       Wind MFI and SWE Data, 1 hour resolution, GSM coordinates
Year  DOY  millisecs       B          Bx         By         Bz         V          Np        Psw      Epsilon      VBs    
                           nT         nT         nT         nT        km/s       cm^3       nPa      10^11 W      mV/m   
1999  293  84629570       6.07      -1.64       5.35       1.90      335.9       10.7    2.33740      0.273    0.00000
1999  294   1786021       8.20      -1.37       7.21      -1.47      347.1       16.4    3.82467      1.675    0.51096
1999  294   5419801       8.55      -2.10       8.00       0.74      346.1       13.7    3.17926      1.041    0.00000
1999  294   8965566      19.78      -3.44      17.58      -1.43      421.1       38.8   13.34813      9.599    0.60172
1999  294  12613150      16.17      -1.72      10.65       4.30      442.3       44.7   16.95887      2.255    0.00000
1999  294  19804957      25.36       4.01     -12.38      20.89      442.7       14.7    5.59657      0.277    0.00000
1999  294  23441714      22.82       4.82     -12.88      17.91      426.0       13.5    4.74096      0.392    0.00000
1999  294  26993716      20.55       9.43     -12.90      12.10      412.4       14.3    4.72167      0.866    0.00000
1999  294  30628896      19.31       5.70     -13.53       7.98      426.7       11.2    3.94273      1.917    0.00000
1999  294  34169246      17.39       5.02     -13.54       9.25      398.8       12.3    3.79897      1.143    0.00000
1999  294  37816078      20.83       5.62     -17.09       9.72      414.2        6.8    2.27196      2.289    0.00000
1999  294  41358656      20.43       6.82     -17.45       7.40      430.5        9.4    3.37906      3.328    0.00000
1999  294  44997777      18.81       3.89     -17.44       5.16      454.9        9.2    3.70605      4.113    0.00000
1999  294  48638332      18.07       4.11     -15.66       7.77      458.2        8.3    3.36477      2.300    0.00000
1999  294  52185800      16.87       3.18     -15.19       6.38      480.8        6.0    2.68914      2.562    0.00000
1999  294  55830250      17.34       2.94     -16.26       5.15      472.1        6.6    2.87360      3.445    0.00000
1999  294  59368160      20.14       4.06     -19.53       1.82      515.7        7.8    4.03234      8.580    0.00000
1999  294  63008179      18.87       2.29     -18.22      -3.67      496.9        9.9    4.74091     12.651    1.82469
1999  294  66556929      17.55       5.18     -16.52      -0.70      474.4       12.3    5.35594      7.917    0.33330
1999  294  70201570      18.93       7.06     -16.30       3.24      465.2       14.0    5.86207      5.385    0.00000
1999  294  77388773      20.35       7.69     -10.26      15.18      475.8       12.5    5.48444      0.288    0.00000
1999  294  81034781      21.16       5.16      -6.04      19.02      453.5        6.6    2.62724      0.022    0.00000
1999  294  84581984      21.67      13.41      -8.12      10.13      483.3       18.2    8.25996      0.546    0.00000
1999  295   1818751      22.79       9.02      -7.96     -18.72      479.0       33.2   14.77621     45.732    8.96789
1999  295   5367676      23.60      12.08     -10.94     -16.72      481.9       21.3    9.60992     45.109    8.05825
1999  295   9007627      24.84      14.80     -13.69     -14.24      477.8       11.4    5.04521     43.506    6.80269
1999  295  16195538      33.10      14.72      -6.78     -28.79      538.5        8.2    4.62857    114.481   15.50544
1999  295  19838468      36.30      18.08      -2.91     -31.05      537.7        8.1    4.53958    140.579   16.69793
1999  295  23386636      31.76      13.28      14.03     -20.97      568.3        9.9    6.21367     95.799   11.91580
1999  295  27035624      14.77       3.47       6.78      -4.04      620.1       35.7   26.65934     15.417    2.50703
1999  295  30573861      11.10       7.39      -4.48       4.13      660.6       11.7    9.90610      0.423    0.00000
1999  295  34205175      10.04      -1.38      -0.17      -0.33      673.6        6.8    5.99419     12.150    0.22511
1999  295  41372253       8.95      -0.40       7.99      -2.44      660.2        5.1    4.31607      4.399    1.61330
1999  295  45040707       7.24      -0.93       5.58       0.69      701.0        3.9    3.70942      1.409    0.00000
1999  295  55821390       7.54      -5.78       0.12       1.14      637.3        4.6    3.65686      0.000    0.00000
1999  295  59376410       7.79      -5.73       2.01      -0.31      637.5        5.6    4.38169      2.553    0.19505
1999  295  66639140       6.65      -3.54       2.12      -2.67      670.7        3.9    3.42517      4.690    1.78866
1999  295  70166414       7.05      -4.94       4.32       1.55      692.1        3.7    3.39682      0.753    0.00000
1999  295  73783289       7.46      -6.18       1.50       0.60      682.2        3.6    3.22339      0.745    0.00000
1999  295  77393828       5.70      -3.18       1.50       0.40      672.7        4.6    4.02778      0.603    0.00000
1999  295  80998031       6.40      -4.15       2.92       1.13      654.1        5.3    4.43365      0.547    0.00000
1999  295  84565554       8.34      -6.79       4.16       1.70      635.0        4.1    3.18947      0.849    0.00000
1999  296   1777620       6.31      -3.79       1.56       0.77      609.7        7.4    5.34968      0.378    0.00000
1999  296   5425932       8.47      -5.94       5.14       0.84      634.7        4.0    3.10549      1.595    0.00000
1999  296   8999493       7.96      -3.39       5.36      -2.70      660.9        3.7    3.12992      4.389    1.78242
1999  296  12618445       7.04      -4.75       4.08      -1.58      677.2        2.9    2.58060      3.098    1.07119
1999  296  16154358       6.89      -5.45       1.77       1.60      651.2        3.6    3.00034      0.167    0.00000
1999  296  19831171       6.82      -6.37       0.64      -0.44      635.4        3.5    2.75467      3.588    0.27784
1999  296  23445673       6.57      -6.15       0.22      -0.16      627.8        3.8    2.91868      3.444    0.10193
1999  296  26992882       6.67      -6.27      -1.32       0.19      630.0        2.7    2.06660      1.033    0.00000
1999  296  34186269       6.90      -5.97       0.09       1.06      647.4        2.6    2.07597      0.000    0.00000
1999  296  37823125       7.40      -7.02       1.81      -0.22      614.8        2.5    1.84458      2.112    0.13650
1999  296  41372011       6.46      -5.58       1.43      -1.02      681.8        3.2    2.87583      3.537    0.69553
1999  296  45015695       6.42      -5.78       0.61      -0.57      641.3        3.7    2.98734      3.712    0.36337
1999  296  52209859       7.16      -1.02       3.79      -4.25      702.6        3.8    3.66724      5.473    2.98668
1999  296  55819558       7.25      -2.31       4.77      -3.53      643.0        3.9    3.13412      4.285    2.26950
1999  296  59363898       6.99      -5.48       3.25      -1.55      607.5        3.4    2.45789      3.025    0.94235
1999  296  63002859       6.85      -5.34       3.12      -0.89      601.7        3.5    2.42789      2.280    0.53430
1999  296  66560351       7.09      -6.45       2.12       0.83      602.5        4.2    2.92541      0.610    0.00000
1999  296  70197953       7.20      -6.11       2.82      -0.14      578.8        3.1    1.99645      1.647    0.08111
1999  296  73843929       7.13      -5.16       3.95      -0.55      599.1        3.3    2.26556      1.967    0.33036
1999  296  77388195       7.82      -2.25       6.25      -2.92      615.9        3.2    2.35102      3.810    1.80070
1999  296  81034070       8.11      -5.04       4.84      -0.12      608.9        3.8    2.72961      2.094    0.07396
1999  296  84573070       7.31      -3.38       4.03      -0.77      567.3        3.8    2.36371      2.129    0.43624
1999  297   1825215       7.98      -0.39       5.82       0.27      698.8        5.2    4.95163      2.018    0.00000
1999  297   5368622       7.70      -3.13       5.85      -0.07      587.4        4.0    2.69679      1.777    0.03986
1999  297   9010223       7.36      -3.39       4.04      -1.42      570.8        5.5    3.49541      2.734    0.81223
1999  297  16187927       4.95      -3.58       1.25      -1.79      587.3        2.5    1.64515      2.373    1.05271
1999  297  19835521       4.74      -2.22       2.33      -1.76      568.1        3.0    1.87856      1.634    1.00103
1999  297  23380607       5.15      -0.41       3.07      -3.73      610.4        2.2    1.59818      2.536    2.27930
1999  297  27022859       5.26      -2.94       1.71      -2.63      584.6        2.7    1.80601      2.721    1.53894
1999  297  30577093       5.22      -2.92       1.31      -2.32      581.5        3.0    1.96108      2.763    1.34890
1999  297  34214644       5.17      -3.11       2.45      -1.83      596.6        2.7    1.89496      2.032    1.09191
1999  297  37758964       5.33      -2.89       1.58      -3.21      578.6        3.4    2.21149      2.945    1.85697
1999  297  41400265       5.49      -2.66       2.47      -3.43      575.3        3.0    1.91153      2.833    1.97447
1999  297  45038464       5.47      -3.44       2.01      -0.47      551.1        3.3    1.96933      1.235    0.25680
1999  297  48594273       5.26      -1.40       2.90      -2.40      593.0        3.4    2.31998      2.198    1.42543
1999  297  52230289       5.01      -3.10       1.74       1.78      554.5        4.3    2.58712      0.056    0.00000
1999  297  55770796       5.30      -4.10       2.06      -0.71      556.2        4.1    2.45139      1.371    0.39417
1999  297  59422121       5.44      -2.91       1.38       2.70      562.3        3.9    2.37327      0.010    0.00000
1999  297  62971156       5.83      -3.35      -1.37       1.92      558.7        3.5    2.10514      0.033    0.00000
1999  297  66602406       6.05      -2.69       1.02       3.69      546.3        4.0    2.31806      0.001    0.00000
1999  297  73799718       6.29      -4.02       3.72      -1.72      555.3        4.4    2.63068      2.210    0.95664
1999  297  77441124       6.29      -2.37       4.59      -2.80      560.8        3.2    1.93705      2.555    1.56897
1999  297  80986929       5.94      -1.07       4.20      -1.32      574.6        3.9    2.52901      1.709    0.75907
1999  297  84631445       5.43      -1.88       3.76      -1.58      567.0        4.0    2.47687      1.605    0.89496
1999  298   1774131       5.56      -0.95       3.57      -2.20      562.0        3.9    2.40620      2.018    1.23850
