                                        Wind MFI and SWE Data, 1 minute resolution, GSE coordinates
Year  DOY  millisecs       B          Bx         By         Bz       Theta       Phi         V         Vth         Np        Psw         Pb        Pth        Beta   
                           nT         nT         nT         nT        deg        deg        km/s       km/s       cm^3       nPa        nPa        nPa               
2011  252  28821632       1.92      -1.00      -1.39      -0.85     -26.42     234.30      316.1       14.7        9.0    1.74830    0.00147    0.00163      1.110
2011  252  28918359       2.03      -1.50      -1.22      -0.58     -16.81     219.00      313.2       15.7        9.1    1.72897    0.00163    0.00187      1.142
2011  252  29016478       1.97      -1.38      -1.25      -0.59     -17.64     222.26      314.8       16.8        9.9    1.90682    0.00155    0.00235      1.515
2011  252  29114599       1.99      -1.20      -1.43      -0.62     -18.20     229.96      314.6       15.3        9.2    1.76815    0.00157    0.00180      1.146
2011  252  29212716       2.00      -1.35      -1.26      -0.75     -22.04     223.11      314.0       14.9        8.8    1.68719    0.00159    0.00164      1.029
2011  252  29310835       2.03      -1.22      -1.42      -0.76     -22.14     229.29      313.8       14.9        8.8    1.68906    0.00163    0.00163      1.000
2011  252  29408955       1.95      -1.23      -1.36      -0.68     -20.28     227.89      313.4       15.1        8.9    1.70212    0.00151    0.00170      1.127
2011  252  29500800       1.93      -1.23      -1.33      -0.66     -20.05     227.38      313.6       16.2        9.0    1.71891    0.00148    0.00198      1.337
2011  252  29608259       1.92      -1.30      -1.22      -0.70     -21.35     223.33      313.2       15.5        9.2    1.75088    0.00146    0.00185      1.266
2011  252  29703312       1.85      -1.24      -1.14      -0.74     -23.79     222.60      312.8       14.7        8.7    1.64944    0.00136    0.00158      1.165
2011  252  29801431       1.89      -1.34      -1.11      -0.72     -22.57     219.60      312.0       15.0        8.7    1.63617    0.00141    0.00164      1.156
2011  252  29899550       1.99      -1.37      -1.31      -0.59     -17.36     223.52      310.6       15.2        8.6    1.61278    0.00157    0.00167      1.061
2011  252  29997669       1.87      -1.07      -1.34      -0.71     -22.54     231.44      311.4       15.1        8.6    1.62554    0.00139    0.00165      1.180
2011  252  30095789       1.76      -0.42      -1.31      -1.07     -37.76     252.29      310.6       16.1        9.2    1.71525    0.00123    0.00199      1.624
2011  252  30195300       1.77       0.16      -1.06      -1.35     -51.45     278.61      314.8       14.5        8.5    1.63827    0.00125    0.00151      1.209
2011  252  30292027       1.83      -0.44      -1.30      -1.10     -38.92     251.25      312.3       15.6        8.8    1.66272    0.00133    0.00179      1.352
2011  252  30390146       2.02      -1.77      -0.78      -0.14      -4.22     203.89      312.1       15.4        7.9    1.49436    0.00162    0.00157      0.974
2011  252  30480599       2.17      -2.06      -0.63       0.08       2.10     196.98      311.4       16.8        7.9    1.48859    0.00187    0.00186      0.997
2011  252  30589451       2.18      -2.15      -0.23       0.25       6.64     186.03      311.0       16.3        8.5    1.59090    0.00190    0.00188      0.989
2011  252  30684503       2.11      -2.01      -0.32       0.53      14.49     188.91      313.5       17.1        8.6    1.64459    0.00177    0.00212      1.195
2011  252  30782623       2.13      -2.08      -0.34       0.19       5.13     189.29      312.1       15.4        8.2    1.54576    0.00180    0.00163      0.901
2011  252  30880742       2.16      -2.05      -0.36       0.48      12.97     190.10      312.9       16.3        8.4    1.59382    0.00186    0.00186      0.996
2011  252  30978861       2.26      -1.90      -0.61       1.04      27.45     197.85      313.4       16.4        8.3    1.59075    0.00204    0.00188      0.924
2011  252  31076980       2.36      -1.68      -1.17       1.03      26.84     214.79      310.5       15.6        7.3    1.35794    0.00221    0.00148      0.669
2011  252  31175099       2.50      -2.20      -0.28       1.05      25.24     187.15      312.2       17.5        7.7    1.46038    0.00249    0.00199      0.799
2011  252  31273216       2.31      -2.02       0.02       1.10      28.69     179.34      311.0       16.5        8.6    1.61912    0.00212    0.00198      0.932
2011  252  31371335       2.21      -1.99      -0.02       0.91      24.52     180.54      311.8       16.4        8.8    1.65938    0.00194    0.00199      1.027
2011  252  31461789       2.18      -2.07      -0.35       0.58      15.57     189.59      313.3       17.2        8.8    1.67827    0.00189    0.00218      1.152
2011  252  31570640       2.08      -1.99      -0.31       0.48      13.40     188.87      313.0       16.3        8.8    1.67347    0.00171    0.00196      1.147
2011  252  31665693       1.86      -1.83      -0.24       0.17       5.41     187.42      313.1       16.9        8.3    1.57362    0.00137    0.00198      1.440
2011  252  31763812       1.92      -1.86      -0.38       0.14       4.19     191.58      313.9       16.5        8.0    1.53624    0.00147    0.00184      1.248
2011  252  31863464       2.02      -1.76      -0.62       0.30       9.03     199.29      314.6       16.1        7.7    1.48427    0.00163    0.00167      1.024
2011  252  31960050       2.07      -1.60      -0.25      -0.24      -8.48     188.87      314.3       14.2        7.2    1.38939    0.00170    0.00122      0.719
2011  252  32058169       1.90      -1.79      -0.33       0.02       0.71     190.31      312.7       16.0        7.4    1.40268    0.00143    0.00159      1.110
2011  252  32156289       1.30      -1.13      -0.53      -0.30     -13.41     205.22      313.2       15.0        6.8    1.28823    0.00067    0.00127      1.894
2011  252  32254408       1.15      -0.97      -0.56      -0.24     -12.04     209.82      313.8       15.6        7.0    1.34457    0.00053    0.00144      2.736
2011  252  32352527       1.55      -1.32      -0.79      -0.06      -2.36     210.96      313.9       15.0        7.1    1.35362    0.00095    0.00134      1.403
2011  252  32442980       1.82      -1.55      -0.93      -0.09      -2.98     210.91      312.9       15.6        6.1    1.15222    0.00132    0.00124      0.943
2011  252  32551832       1.87      -1.46      -1.10      -0.36     -11.10     217.10      312.4       14.7        6.3    1.19751    0.00139    0.00114      0.818
2011  252  32646884       1.81      -1.48      -1.00       0.04       1.42     213.93      312.1       14.6        6.4    1.20054    0.00131    0.00113      0.864
2011  252  32745003       1.87      -1.49      -1.13      -0.06      -1.97     217.16      312.0       14.1        6.2    1.17568    0.00140    0.00104      0.746
2011  252  32843121       1.61      -1.25      -0.99      -0.14      -5.08     218.19      311.7       14.8        6.4    1.20548    0.00103    0.00117      1.138
2011  252  32941242       1.53      -1.17      -0.98      -0.10      -3.82     220.03      311.6       15.5        7.1    1.32905    0.00093    0.00142      1.526
2011  252  33039359       1.68      -1.22      -1.16      -0.01      -0.31     223.47      313.2       14.9        7.1    1.34987    0.00112    0.00132      1.176
2011  252  33137480       1.41      -1.01      -0.76      -0.60     -25.32     216.87      312.2       15.8        7.5    1.42536    0.00079    0.00157      1.995
2011  252  33235597       1.12      -0.82      -0.41      -0.64     -35.07     206.68      311.2       15.6        7.7    1.45500    0.00050    0.00157      3.134
2011  252  33333718       1.42      -1.00      -0.70      -0.69     -29.23     215.10      313.0       14.9        6.9    1.31809    0.00080    0.00130      1.614
2011  252  33726195       1.47      -1.15      -0.53      -0.67     -27.82     204.87      315.0       15.4        8.5    1.63930    0.00086    0.00170      1.981
2011  252  33824312       1.59      -1.23      -0.48      -0.84     -32.63     201.41      314.5       15.4        9.0    1.72132    0.00101    0.00177      1.752
2011  252  33922433       1.90      -1.35      -0.44      -1.25     -41.24     197.91      314.7       15.3        8.8    1.69787    0.00143    0.00174      1.213
2011  252  34020550       1.92      -1.38      -0.25      -1.31     -42.92     190.07      316.2       15.2        9.2    1.78108    0.00147    0.00178      1.208
2011  252  34118671       2.00      -1.49      -0.18      -1.32     -41.36     186.98      315.6       15.7        9.2    1.76934    0.00159    0.00189      1.191
2011  252  34216789       1.91      -1.50      -0.55      -1.04     -33.13     200.19      314.7       15.7        9.2    1.76019    0.00145    0.00189      1.300
2011  252  34314910       1.93      -1.48      -0.67      -1.02     -32.13     204.41      314.7       16.2        9.8    1.88838    0.00149    0.00217      1.456
2011  252  34405363       1.99      -1.39      -1.16      -0.82     -24.28     219.94      314.7       17.1       10.0    1.92540    0.00157    0.00244      1.553
2011  252  34514214       1.95      -1.33      -1.16      -0.82     -24.86     220.95      315.8       15.8        9.3    1.80141    0.00151    0.00193      1.276
2011  252  34609265       1.93      -1.31      -1.03      -0.93     -29.30     218.20      315.8       16.0        9.3    1.80915    0.00149    0.00200      1.342
2011  252  34707382       2.02      -1.47      -0.84      -1.09     -32.81     209.62      316.5       15.8        9.4    1.82750    0.00163    0.00198      1.214
2011  252  34805503       2.07      -1.59      -0.57      -1.14     -33.98     199.69      316.3       16.7       10.2    1.97125    0.00171    0.00236      1.380
2011  252  34903625       2.03      -1.64      -0.65      -0.99     -29.38     201.77      316.7       16.6       10.3    1.99952    0.00164    0.00236      1.439
2011  252  35004808       2.50      -2.05      -1.42      -0.13      -2.89     214.75      315.5       17.1       11.6    2.23572    0.00248    0.00283      1.138
2011  252  35102925       2.47      -1.99      -1.43      -0.28      -6.60     215.70      315.7       17.2       11.7    2.25307    0.00243    0.00289      1.189
2011  252  35201046       2.52      -1.97      -1.49      -0.49     -11.31     217.03      316.0       16.6       11.6    2.24375    0.00253    0.00268      1.061
2011  252  35299164       2.01      -1.58      -1.13      -0.50     -14.38     215.67      317.9       16.2       10.2    1.99924    0.00161    0.00224      1.391
2011  252  35391011       1.97      -1.44      -1.20      -0.58     -17.25     219.74      317.2       17.3       10.0    1.95465    0.00155    0.00252      1.623
2011  252  35498468       2.02      -1.43      -1.30      -0.58     -16.84     222.19      317.7       16.2       10.4    2.04006    0.00162    0.00228      1.404
2011  252  35593523       2.02      -1.43      -1.31      -0.57     -16.32     222.44      318.1       16.1       10.3    2.02077    0.00162    0.00223      1.380
2011  252  35693171       2.02      -1.38      -1.35      -0.60     -17.24     224.34      318.3       16.2       10.4    2.04799    0.00163    0.00229      1.408
2011  252  35791296       2.04      -1.35      -1.38      -0.64     -18.46     225.47      318.8       16.1       10.5    2.06736    0.00165    0.00228      1.383
2011  252  35889414       2.11      -1.46      -1.37      -0.66     -18.18     223.32      319.8       16.6       11.5    2.28947    0.00178    0.00267      1.505
2011  252  35987531       2.06      -1.43      -1.38      -0.47     -13.29     224.07      319.6       16.4       11.5    2.28611    0.00168    0.00260      1.545
2011  252  36085652       1.92      -1.10      -1.52       0.23       6.93     234.05      318.5       16.1       11.3    2.21962    0.00147    0.00244      1.664
2011  252  36183769       2.06      -1.05      -1.75       0.09       2.61     238.92      320.0       15.6       10.8    2.14107    0.00169    0.00219      1.296
2011  252  36281890       2.06      -1.28      -1.61      -0.09      -2.50     231.37      319.9       15.6       10.7    2.12819    0.00170    0.00218      1.285
2011  252  36373738       2.13      -1.47      -1.51      -0.25      -6.78     225.85      319.8       19.9       11.8    2.33230    0.00180    0.00388      2.157
2011  252  36484257       2.09      -1.38      -1.55      -0.02      -0.64     228.25      322.2       16.7       12.3    2.47439    0.00174    0.00287      1.648
2011  252  36579316       2.01      -1.33      -1.45      -0.28      -8.05     227.36      322.4       16.4       12.5    2.52719    0.00161    0.00281      1.746
2011  252  36678964       1.90      -1.35      -1.21      -0.47     -14.57     221.81      323.5       16.8       12.3    2.49741    0.00144    0.00289      2.010
2011  252  36777085       1.94      -1.44      -1.12      -0.61     -18.48     217.87      323.1       16.8       12.8    2.59044    0.00149    0.00301      2.017
2011  252  36873671       2.02      -1.57      -1.14      -0.56     -16.19     215.89      321.3       16.5       12.8    2.55688    0.00162    0.00292      1.801
2011  252  36973324       1.95      -1.34      -1.23      -0.65     -19.60     222.62      323.6       17.8       13.1    2.66810    0.00151    0.00348      2.311
2011  252  37071441       1.91      -1.05      -1.35      -0.83     -26.00     231.96      324.8       16.9       13.3    2.71980    0.00145    0.00319      2.201
2011  252  37169562       1.92      -1.15      -1.31      -0.78     -24.01     228.68      325.0       17.2       13.6    2.78615    0.00146    0.00337      2.305
2011  252  37267679       1.93      -1.26      -1.26      -0.73     -22.29     224.91      325.1       17.5       13.7    2.81227    0.00148    0.00350      2.360
2011  252  37357996       1.93      -0.93      -1.24      -1.13     -36.02     233.05      325.8       19.4       14.8    3.05472    0.00148    0.00465      3.145
2011  252  37463777       1.95      -1.45      -1.20      -0.39     -11.79     219.54      327.6       20.3       14.8    3.08944    0.00152    0.00514      3.383
2011  252  37558828       1.96      -1.50      -1.04      -0.65     -19.61     214.78      330.2       19.4       14.7    3.11707    0.00153    0.00465      3.042
2011  252  37657089       1.94      -1.50      -0.94      -0.75     -23.01     212.04      332.0       19.6       15.1    3.21910    0.00150    0.00481      3.212
2011  252  37755207       2.02      -1.73      -0.81      -0.63     -18.37     205.05      331.8       20.6       16.3    3.47673    0.00163    0.00575      3.540
2011  252  37850261       1.98      -1.67      -0.84      -0.60     -17.80     206.59      332.0       20.0       16.4    3.50784    0.00155    0.00548      3.532
2011  252  37951449       2.04      -1.63      -1.02      -0.65     -18.70     211.99      332.9       19.2       16.2    3.47336    0.00165    0.00497      3.014
2011  252  38052492       1.87      -1.64      -0.64      -0.58     -18.13     201.24      331.0       20.5       16.8    3.57870    0.00139    0.00593      4.266
2011  252  38150749       1.64      -1.42      -0.51      -0.59     -21.22     199.64      331.7       20.1       16.0    3.42668    0.00107    0.00543      5.092
2011  252  38248871       1.56      -1.39      -0.35      -0.61     -23.04     194.35      332.1       19.9       16.0    3.41370    0.00097    0.00530      5.457
2011  252  38342390       1.60      -1.30      -0.22      -0.77     -30.28     189.75      329.9       20.9       16.4    3.45659    0.00102    0.00599      5.874
2011  252  38448035       1.77      -1.70      -0.39      -0.19      -6.12     192.75      328.6       22.6       18.4    3.85157    0.00125    0.00786      6.309
2011  252  38543085       1.75      -1.58      -0.38      -0.59     -19.82     193.50      330.1       19.9       16.7    3.52556    0.00121    0.00549      4.531
2011  252  38641207       1.84      -1.61      -0.59      -0.54     -17.55     200.28      329.6       19.9       17.1    3.59774    0.00135    0.00566      4.201
2011  252  38739324       2.16      -1.67      -1.34      -0.14      -3.64     218.76      328.8       20.0       19.0    3.98300    0.00186    0.00637      3.428
2011  252  38837445       2.31      -1.69      -1.57       0.10       2.41     222.94      328.9       19.6       19.1    4.01445    0.00213    0.00615      2.885
2011  252  38935562       1.96      -1.50      -1.16       0.39      11.51     217.81      330.2       18.9       18.2    3.85110    0.00153    0.00544      3.552
2011  252  39033683       1.82      -1.39      -0.97       0.60      19.30     214.94      329.7       19.7       17.5    3.68542    0.00132    0.00568      4.310
2011  252  39131800       1.87      -1.37      -1.09       0.65      20.33     218.54      329.4       19.6       17.3    3.63226    0.00140    0.00553      3.961
2011  252  39230062       1.89      -1.41      -1.05       0.60      18.69     216.69      330.5       20.3       17.5    3.70175    0.00142    0.00601      4.221
2011  252  39323406       1.75      -1.12      -1.31       0.11       3.79     229.50      331.6       19.6       17.9    3.82517    0.00122    0.00579      4.752
2011  252  39429191       2.02      -1.02      -1.60      -0.62     -18.06     237.43      331.3       18.4       17.7    3.77297    0.00163    0.00502      3.083
2011  252  39524417       2.02      -1.18      -1.53      -0.25      -7.31     232.33      331.3       18.8       18.1    3.86164    0.00162    0.00535      3.307
2011  252  39622539       1.76      -1.11      -1.35       0.05       1.78     230.49      331.6       19.0       18.9    4.03929    0.00123    0.00571      4.633
2011  252  39720656       1.80      -1.15      -1.35       0.28       9.00     229.45      332.3       19.1       19.1    4.08330    0.00129    0.00581      4.492
2011  252  39818777       1.86      -1.14      -1.34       0.57      18.11     229.59      332.2       19.5       19.6    4.19780    0.00137    0.00622      4.543
2011  252  39916894       2.04      -1.38      -1.37       0.54      15.50     224.80      333.4       18.8       19.1    4.12797    0.00166    0.00563      3.396
2011  252  40015015       1.98      -1.53      -1.17       0.30       8.99     217.38      333.0       19.4       19.9    4.28080    0.00156    0.00629      4.027
2011  252  40112957       1.99      -1.70      -0.93       0.39      11.42     208.69      333.4       19.2       20.6    4.44149    0.00157    0.00635      4.046
2011  252  40211253       2.07      -1.90      -0.76       0.24       6.81     201.81      333.5       19.1       20.9    4.50623    0.00171    0.00638      3.740
2011  252  40304773       2.28      -1.92      -1.13       0.13       3.29     210.44      333.6       20.2       21.4    4.61980    0.00208    0.00730      3.516
2011  252  40410558       2.44      -1.75      -1.55       0.61      14.70     221.57      335.1       19.0       21.4    4.66417    0.00237    0.00645      2.722
2011  252  40505609       2.43      -1.89      -1.42       0.49      11.60     216.86      333.0       19.7       22.2    4.77856    0.00234    0.00720      3.070
2011  252  40603730       2.37      -2.04      -1.07       0.47      11.46     207.68      335.0       19.4       22.0    4.78064    0.00224    0.00695      3.097
2011  252  40701847       2.71      -2.18      -1.49       0.59      12.50     214.33      335.5       19.1       21.9    4.79032    0.00292    0.00670      2.295
2011  252  40799968       2.52      -2.05      -1.24       0.74      17.27     211.09      336.9       18.5       21.2    4.65699    0.00253    0.00607      2.402
2011  252  40898085       2.36      -1.90      -1.27       0.55      13.50     213.82      335.2       18.7       21.8    4.75822    0.00221    0.00639      2.887
2011  252  40996207       2.28      -1.64      -1.51       0.47      11.94     222.64      335.3       19.1       22.4    4.89139    0.00207    0.00681      3.287
2011  252  41094324       2.35      -1.71      -1.55       0.34       8.32     222.13      336.7       18.5       22.0    4.83008    0.00219    0.00629      2.868
2011  252  41192445       2.39      -1.92      -1.28       0.58      14.07     213.56      336.4       18.4       21.7    4.76166    0.00227    0.00615      2.703
2011  252  41287355       2.36      -1.90      -0.65       1.12      29.14     198.77      337.9       20.0       23.1    5.12771    0.00222    0.00776      3.496
2011  252  41391750       2.42      -1.88       0.15       1.47      37.85     175.31      340.2       19.0       24.7    5.53517    0.00233    0.00744      3.199
2011  252  41486625       2.55      -1.98       0.59       1.44      34.91     163.43      342.6       19.6       27.0    6.14601    0.00260    0.00869      3.346
2011  252  41587808       3.16      -2.48       0.11       1.76      35.23     177.40      348.8       22.3       29.1    6.86630    0.00397    0.01209      3.043
2011  252  41685929       3.69      -3.19       0.78       1.55      25.29     166.20      348.1       21.6       30.1    7.08031    0.00543    0.01178      2.169
2011  252  41784046       3.92      -3.10       0.21       2.31      36.62     176.21      346.2       19.9       26.8    6.23669    0.00612    0.00890      1.455
2011  252  41882167       3.99      -3.18       0.31       2.25      35.11     174.39      348.3       23.1       33.6    7.90748    0.00633    0.01494      2.361
2011  252  41980289       4.08      -2.84      -0.69       2.72      42.88     193.63      348.5       22.1       31.3    7.37194    0.00663    0.01275      1.922
2011  252  42078441       4.29      -3.06      -0.40       2.92      43.38     187.36      347.4       18.3       27.1    6.34941    0.00732    0.00759      1.037
2011  252  42176558       4.16      -2.90      -0.22       2.93      45.15     184.35      347.8       20.7       29.7    6.97150    0.00689    0.01066      1.546
2011  252  42270046       4.02      -2.73      -0.03       2.86      46.32     180.62      350.5       24.7       32.4    7.73129    0.00643    0.01654      2.574
2011  252  42372761       3.94      -2.41       0.70       2.78      48.00     163.78      355.8       23.9       35.3    8.67572    0.00616    0.01689      2.740
2011  252  42477015       6.98      -2.56       1.27       6.19      65.18     153.54      386.6       27.1       56.5   16.40116    0.01939    0.03484      1.797
2011  252  42569000       7.62      -2.47       1.02       7.00      69.12     157.50      385.0       31.0       66.6   19.14270    0.02309    0.05337      2.312
2011  252  42664089       5.09       0.44       1.80      -3.97     -64.92      76.27      387.9       29.3       68.6   20.03390    0.01030    0.04934      4.790
2011  252  42763707       3.52       0.28       0.99      -2.06     -63.52      74.02      391.5       30.1       75.2   22.37109    0.00494    0.05689     11.509
2011  252  42858042       6.19       0.16       1.81      -5.41     -71.39      84.92      391.4       29.7       76.7   22.79186    0.01526    0.05656      3.707
2011  252  42956878       4.58      -0.52       2.00       3.29      57.93     104.65      393.1       27.5       80.6   24.15826    0.00835    0.05115      6.125
2011  252  43055000       4.44      -0.87      -1.10       4.17      71.35     231.73      393.1       26.8       85.2   25.54357    0.00785    0.05107      6.508
2011  252  43153117       5.37      -0.77      -3.68       3.47      42.71     258.18      391.4       30.0       90.9   27.00541    0.01146    0.06844      5.970
2011  252  43257367       5.21      -0.38      -3.56       3.29      42.58     263.86      393.1       30.2       89.4   26.81996    0.01079    0.06813      6.317
2011  252  43352421       3.50      -1.68      -2.19       0.93      18.55     232.47      392.1       27.9       89.3   26.63295    0.00487    0.05813     11.937
2011  252  43447476       7.47      -2.42       4.12       2.54      27.97     120.38      394.2       31.7       86.3   26.01386    0.02222    0.07268      3.271
2011  252  43545593       7.26       0.24       2.74       4.57      58.91      85.00      395.4       26.8       94.4   28.65070    0.02098    0.05690      2.712
2011  252  43645246      10.04       2.56      -7.00       1.41      10.70     290.06      397.4       25.4       86.0   26.34146    0.04007    0.04653      1.161
2011  252  43741113      16.67       1.62     -14.78      -7.35     -26.31     276.24      397.2       31.9       62.7   19.18371    0.11052    0.05335      0.483
2011  252  43841449      16.56      -0.40     -11.99     -10.84     -42.09     268.07      403.8       30.4       63.3   20.01817    0.10916    0.04897      0.449
2011  252  43938882      21.14      -1.94      -4.03     -20.64     -77.79     244.28      395.2       33.3       48.2   14.60874    0.17787    0.04481      0.252
2011  252  44035472      21.63      -0.91      -2.10     -21.45     -83.90     246.50      394.2       30.2       41.8   12.59566    0.18623    0.03183      0.171
2011  252  44138906      20.32       1.38      -0.28     -19.92     -85.96     348.66      393.7       40.5       40.4   12.15708    0.16426    0.05539      0.337
2011  252  44238558      21.28       3.42      -4.32     -20.49     -74.95     308.35      394.1       43.2       31.8    9.59858    0.18010    0.04975      0.276
2011  252  44336851      18.12       0.32     -11.08      -7.60     -34.43     271.63      395.2       33.6       53.2   16.12867    0.13061    0.05026      0.385
2011  252  44433265      22.32       0.79     -19.78       7.81      21.54     272.29      407.3       41.4       21.4    6.90027    0.19828    0.03067      0.155
2011  252  44534484      22.49       3.53     -21.59      -4.48     -11.59     279.29      405.7       67.7       18.2    5.80342    0.20117    0.06967      0.346
2011  252  44629539      22.17       2.88     -19.72      -7.97     -21.80     278.32      413.4       67.5       20.3    6.73888    0.19552    0.07752      0.396
2011  252  44727691      22.57       3.18     -17.65     -13.41     -36.78     280.20      415.0       64.9       16.3    5.44199    0.20271    0.05744      0.283
2011  252  44825917      18.32       2.34     -17.41       0.38       1.25     277.65      411.3       78.7       21.9    7.19800    0.13349    0.11356      0.851
2011  252  44920828      20.01       3.71     -18.11      -7.56     -22.25     281.59      402.2       79.9       19.7    6.18537    0.15924    0.10528      0.661
2011  252  45022156      20.34       4.68     -18.62      -6.52     -18.75     284.11      406.4       77.3       20.9    6.68172    0.16458    0.10416      0.633
2011  252  45120273      19.65       2.56     -19.17       1.93       5.71     277.61      406.7       86.0       23.8    7.62686    0.15370    0.14710      0.957
2011  252  45224527      19.41       3.23     -18.68      -2.91      -8.73     279.81      409.9       82.1       22.0    7.16339    0.14997    0.12395      0.826
2011  252  45319578      19.48       2.99     -18.09      -6.51     -19.56     279.39      412.3       79.9       21.6    7.11430    0.15094    0.11508      0.762
2011  252  45414632      19.83       3.75     -17.76      -7.76     -23.15     281.91      408.7       81.1       22.0    7.13752    0.15640    0.12109      0.774
2011  252  45512749      19.51       3.08     -18.44      -5.47     -16.30     279.48      413.4       73.4       21.2    7.01233    0.15142    0.09536      0.630
2011  252  45610867      19.45       4.46     -18.77      -1.26      -3.73     283.38      412.3       74.7       21.4    7.06944    0.15050    0.10010      0.665
2011  252  45708988      18.93       5.65     -17.29       4.14      12.81     288.09      411.5       75.8       22.0    7.22957    0.14263    0.10573      0.741
2011  252  45806968      20.22       1.83     -19.26      -5.72     -16.47     275.41      423.5       87.4       21.5    7.48916    0.16265    0.13738      0.845
2011  252  45905085      19.18       2.44     -18.78      -1.13      -3.40     277.40      428.2       76.0       19.8    7.04334    0.14638    0.09567      0.654
2011  252  46003207      17.07       3.10     -16.20       4.04      13.76     280.85      420.3       89.2       24.9    8.54253    0.11593    0.16574      1.430
2011  252  46101464      17.39       5.86      -8.51      13.25      52.07     304.55      419.9       78.5       22.2    7.60177    0.12031    0.11463      0.953
2011  252  46205578      13.38       4.56      -7.66       9.21      45.94     300.78      432.0       87.0       26.5    9.58746    0.07121    0.16755      2.353
2011  252  46300628      16.39       0.71     -12.67      -9.25     -36.10     273.23      429.0       87.5       18.0    6.44088    0.10685    0.11540      1.080
2011  252  46395679      18.74       0.73     -11.47     -14.78     -52.11     273.65      430.2       98.4       20.3    7.29550    0.13973    0.16440      1.177
2011  252  46493765      19.61      -0.53     -13.36     -14.29     -46.90     267.74      438.0       80.2       18.8    6.99234    0.15294    0.10102      0.661
2011  252  46591917      19.21      -0.01     -13.13     -14.00     -46.85     269.98      434.9       79.9       18.8    6.91755    0.14683    0.10051      0.685
2011  252  46690039      17.80       0.74      -9.54     -14.11     -55.84     274.43      424.5       87.0       21.4    7.48164    0.12601    0.13542      1.075
2011  252  46778960      16.92       0.02      -5.33     -15.97     -71.52     270.23      427.3       87.6       20.9    7.42055    0.11393    0.13449      1.180
2011  252  46886277      16.68       1.54      -9.17     -13.77     -55.97     279.53      431.2       88.8       20.9    7.53258    0.11064    0.13763      1.244
2011  252  46984429      15.53       5.71      -9.35      -7.46     -34.23     301.42      436.6       82.5       18.6    6.88749    0.09591    0.10597      1.105
2011  252  47082515      14.97       6.53     -12.46      -5.07     -19.80     297.67      422.9       89.2       23.4    8.10535    0.08914    0.15555      1.745
2011  252  47186765      15.12       6.93     -12.06      -5.88     -22.89     299.88      416.9       92.3       23.5    7.92577    0.09091    0.16730      1.840
2011  252  47281820      16.07       6.20     -12.15      -8.42     -31.68     297.05      423.3       93.5       23.3    8.11420    0.10281    0.17078      1.661
2011  252  47376871      16.81       3.85     -12.53     -10.46     -38.59     287.10      421.3       82.2       20.2    6.94359    0.11237    0.11403      1.015
2011  252  47474992      16.72       2.71     -10.08     -12.62     -50.39     285.02      425.6       95.5       21.8    7.64847    0.11124    0.16606      1.493
2011  252  47573144      15.88      -3.86      -5.88     -14.13     -63.53     236.72      425.0       84.6       17.9    6.26763    0.10039    0.10707      1.067
2011  252  47671265      15.38      -2.15      -5.90     -13.99     -65.82     250.03      424.3       88.0       19.2    6.72120    0.09417    0.12454      1.322
2011  252  47769382      15.16      -1.64      -4.06     -14.47     -73.15     248.05      427.2       99.9       20.8    7.37058    0.09145    0.17379      1.900
2011  252  47867503      13.52      -1.31      -3.74     -12.80     -72.80     250.68      427.3       93.9       19.9    7.05584    0.07271    0.14697      2.021
2011  252  47965761       5.05      -0.57       0.96      -4.38     -75.67     120.75      434.9      104.1       26.1    9.58253    0.01016    0.23681     23.310
2011  252  48063777       4.79       1.34       3.44      -2.55     -34.58      68.70      431.5      102.9       26.4    9.53761    0.00912    0.23363     25.605
2011  252  48171058       5.05       2.20       1.39      -3.39     -52.46      32.30      433.4       99.6       25.6    9.34355    0.01016    0.21263     20.926
2011  252  48250921       4.13       2.13       1.06       0.46      10.85      26.43      428.8       96.8       24.6    8.76265    0.00679    0.19246     28.363
2011  252  48362730       9.80       4.42       6.41       5.14      33.43      55.43      443.2       99.7       22.4    8.52400    0.03821    0.18609      4.871
2011  252  48647894      17.19       7.46      10.07      11.62      42.84      53.46      444.3      107.3       18.9    7.23022    0.11757    0.18190      1.547
2011  252  48746152      15.38       7.68       8.07      10.51      43.35      46.41      450.1      124.9       23.2    9.12097    0.09409    0.30263      3.216
2011  252  48846445      12.77       0.51       4.68      -0.17      -2.10      83.74      458.5       95.8       20.1    8.21462    0.06491    0.15453      2.381
2011  252  48942250      16.25      -3.91     -11.56     -10.02     -39.38     251.33      445.7      101.3       18.5    7.14899    0.10512    0.15920      1.514
2011  252  49046675      11.08       2.61      -1.02      -8.45     -71.66     338.68      434.2      108.8       19.8    7.23935    0.04887    0.19587      4.008
2011  252  49152425       8.93       4.49       4.66       2.24      19.09      46.03      435.9      109.2       19.1    7.03155    0.03177    0.19010      5.984
2011  252  49250546       9.44       0.27       0.65      -6.70     -84.01      67.12      452.1      111.9       20.6    8.18896    0.03548    0.21636      6.098
2011  252  49345421      17.59      -4.53      -7.90     -15.03     -58.78     240.20      460.1       98.5       14.8    6.08051    0.12313    0.12006      0.975
2011  252  49426679      15.36      -4.12      -8.38     -11.99     -52.10     243.83      447.1      108.0       15.6    6.03982    0.09384    0.15189      1.619
2011  252  49530253      16.05       4.22       5.16      14.57      65.42      50.74      449.3      104.8       15.1    5.92577    0.10245    0.13892      1.356
2011  252  49621558      19.10       3.95      11.57      14.27      49.41      71.15      434.7       95.5       10.5    3.86680    0.14514    0.08047      0.554
2011  252  49733542      15.53       0.02      14.90       2.57       9.78      89.93      436.0      100.6       16.3    6.02883    0.09600    0.13837      1.441
2011  252  49827031      15.31       4.23      13.24       5.53      21.71      72.26      422.8      100.8       13.8    4.80002    0.09325    0.11755      1.261
2011  252  49925042      16.80       5.65       9.17      12.12      48.38      58.34      430.2       89.6       10.6    3.79048    0.11231    0.07080      0.630
2011  252  50023234      18.03       5.90      10.77      13.18      47.03      61.30      431.7       85.7       10.3    3.73019    0.12939    0.06331      0.489
2011  252  50127484      17.64       7.48      11.61      10.75      37.90      57.22      422.7       69.4       12.9    4.48581    0.12383    0.05208      0.421
2011  252  50222539      17.37       6.48      12.68       9.74      34.37      62.92      434.3       68.3       14.1    5.15465    0.12005    0.05495      0.458
2011  252  50317589      17.74       6.34      12.89      10.29      35.60      63.79      431.4       78.9       13.3    4.80592    0.12522    0.06938      0.554
2011  252  50415710      18.62       6.69      12.72      11.78      39.33      62.26      426.6       75.6       10.7    3.76146    0.13798    0.05095      0.369
2011  252  50513863      18.88       4.74      12.28      13.16      44.98      68.88      421.3       65.1       10.7    3.70039    0.14180    0.03804      0.268
2011  252  50611949      19.00       5.00      11.66      14.10      48.00      66.81      433.6       69.2       11.2    4.07383    0.14363    0.04474      0.311
2011  252  50710066      18.74       7.15      12.06      12.10      40.79      59.35      431.0       59.4       10.2    3.68213    0.13973    0.03015      0.216
2011  252  50808046      18.00       8.47      14.22       6.56      21.63      59.22      433.6       73.2       12.4    4.52128    0.12896    0.05547      0.430
2011  252  50901566      18.49       6.97      16.44       4.21      13.27      67.02      441.8       78.4       12.7    4.80183    0.13603    0.06520      0.479
2011  252  51004425      19.58       6.74      17.14       6.33      18.98      68.53      443.1       76.8       10.9    4.14088    0.15251    0.05357      0.351
2011  252  51114773      17.30       5.67      15.44       4.95      16.75      69.83      453.2       91.7       12.4    4.92422    0.11909    0.08686      0.729
2011  252  51196746      17.85       6.75      15.63       5.19      16.94      66.64      453.4       81.8       10.7    4.28607    0.12676    0.06019      0.475
2011  252  51298781      18.30       7.31      15.31       6.72      21.60      64.48      460.3       86.7        9.6    3.96239    0.13324    0.06053      0.454
2011  252  51396898      18.23       4.04      17.04       4.76      15.21      76.65      464.4      102.7       11.3    4.74236    0.13228    0.09996      0.756
2011  252  51499617      19.28       5.99      17.79       4.27      12.80      71.39      485.5       67.9        9.4    4.30373    0.14797    0.03627      0.245
2011  252  51590074      17.95       4.23      15.92       6.60      21.85      75.13      466.0       90.4       10.0    4.23136    0.12816    0.06872      0.536
2011  252  51687339      17.54      11.10      12.09       1.25       4.34      47.46      457.7       90.2       10.6    4.32341    0.12239    0.07233      0.591
2011  252  51784640      18.44      14.70      11.09      -0.84      -2.61      37.03      445.4      100.0       11.1    4.25558    0.13530    0.09251      0.684
2011  252  51887320      18.42      14.16      10.99       0.59       1.88      37.83      428.2      114.3       13.6    4.82021    0.13501    0.14806      1.097
2011  252  51996207      19.18      12.78      14.14       1.31       3.94      47.90      464.5       80.6        9.7    4.07809    0.14634    0.05289      0.361
2011  252  52095964      19.53      15.45      11.71       2.32       6.83      37.17      452.1       88.9       10.1    4.01015    0.15184    0.06684      0.440
2011  252  52177863      19.03      14.96      11.43       2.66       8.05      37.39      447.2       82.1        9.0    3.47609    0.14414    0.05051      0.350
2011  252  52275234      18.26      12.11      13.48       1.66       5.22      48.06      441.9       89.4       10.4    3.93462    0.13264    0.06935      0.523
2011  252  52373632      18.56      11.75      14.03       1.21       3.77      50.05      449.6       97.8       10.6    4.15960    0.13713    0.08489      0.619
2011  252  52471121      18.50      12.45      13.38       2.51       7.82      47.06      448.8       95.1       10.8    4.22295    0.13616    0.08174      0.600
2011  252  52584921      18.83      -3.61      17.61      -5.41     -16.73     101.59      470.6       91.8        9.7    4.18905    0.14114    0.06874      0.487
2011  252  52666316      18.10      -2.24      16.62      -6.65     -21.62      97.69      470.4       95.4       11.2    4.79948    0.13036    0.08511      0.653
2011  252  52767468      20.53      -2.68      18.02      -8.94     -26.15      98.45      456.1       74.6        9.8    3.95150    0.16766    0.04559      0.272
2011  252  52870042      22.94      -4.04      19.17     -11.78     -31.02     101.89      471.3       87.0        7.9    3.39718    0.20936    0.04994      0.239
2011  252  52972085      23.23      -5.74      18.44     -12.86     -33.66     107.30      481.2       72.6        6.9    3.08142    0.21476    0.03022      0.141
2011  252  53075656      21.81      -5.46      16.22     -13.48     -38.22     108.59      457.4       82.7        9.5    3.86710    0.18930    0.05454      0.288
2011  252  53165261      21.84      -3.44      14.63     -15.53     -45.93     103.23      459.0       84.1        8.4    3.44461    0.18976    0.04988      0.263
2011  252  53251753      19.50      -5.31      11.11     -15.03     -50.68     115.52      442.1       71.6        8.4    3.18035    0.15134    0.03592      0.237
2011  252  53359074      20.42       0.17       5.33     -19.56     -74.75      88.21      446.1       88.4        8.6    3.31777    0.16599    0.05623      0.339
2011  252  53451910      19.81       0.91       3.92     -15.13     -75.11      76.89      441.9       89.4        9.7    3.66404    0.15621    0.06468      0.414
2011  252  53550027      18.09      -0.27      11.90     -13.19     -47.92      91.32      449.9      117.0        8.7    3.41771    0.13019    0.09964      0.765
2011  252  53658097      16.49      -0.20       4.67     -15.77     -73.48      92.47      464.1      124.3        8.3    3.48814    0.10825    0.10783      0.996
2011  252  53747156      16.52      -0.12       7.70     -14.29     -61.66      90.92      469.6      104.5        7.3    3.12214    0.10853    0.06667      0.614
2011  252  53845960      17.47      -0.12      11.08     -13.43     -50.49      90.61      467.1      115.6        7.4    3.11427    0.12143    0.08219      0.677
2011  252  53950140      17.34      -0.07       9.54     -14.46     -56.57      90.44      470.0      112.8        6.9    2.95987    0.11969    0.07353      0.614
2011  252  54060597      17.86       0.50      11.00     -13.97     -51.76      87.37      479.4      102.4        6.1    2.71860    0.12688    0.05342      0.421
2011  252  54138105      18.36       0.21      12.38     -13.34     -47.14      89.02      448.1      131.5        6.6    2.57495    0.13409    0.09556      0.713
2011  252  54242320      18.65      -2.66       9.52     -15.51     -57.47     105.63      483.4      108.7        5.6    2.52178    0.13847    0.05500      0.397
2011  252  54332808      18.90       0.15      10.73     -15.53     -55.36      89.18      468.6      101.7        6.0    2.55427    0.14213    0.05191      0.365
2011  252  54443875      19.17       1.16      14.22     -12.71     -41.70      85.32      485.0       91.9        5.0    2.27154    0.14629    0.03518      0.240
2011  252  54536535      19.74       1.29      15.21     -12.44     -39.18      85.15      487.7      125.2        5.4    2.48446    0.15507    0.07063      0.455
2011  252  54634796      19.87       1.09      15.33     -12.54     -39.21      85.94      478.0      112.3        4.7    2.07146    0.15704    0.04928      0.314
2011  252  54728175      19.80       1.69      16.07     -11.39     -35.20      83.99      467.2      121.2        5.4    2.30053    0.15599    0.06675      0.428
2011  252  54833855      19.78       3.72      17.14      -8.84     -26.75      77.76      498.0       99.2        4.4    2.10897    0.15563    0.03608      0.232
2011  252  54943667      20.00       4.86      17.97      -7.28     -21.37      74.87      478.6      101.7        5.1    2.25563    0.15914    0.04389      0.276
2011  252  55030339      19.79       5.24      16.36      -9.52     -29.00      72.26      499.6       88.8        5.3    2.55224    0.15581    0.03478      0.223
2011  252  55121437      19.64       3.75      16.83      -9.03     -27.64      77.44      488.1       95.7        5.9    2.72099    0.15343    0.04505      0.294
2011  252  55216562      19.21       1.46      14.45     -12.54     -40.80      84.25      479.7       83.2        7.2    3.22005    0.14686    0.04174      0.284
2011  252  55327761      17.69       1.45       4.86     -13.11     -68.86      73.39      488.0      101.9        8.0    3.71716    0.12446    0.06986      0.561
2011  252  55419679      14.16      -2.53      -8.17      -6.87     -38.76     252.78      515.7       87.4       10.0    5.15335    0.07980    0.06382      0.800
2011  252  55519363      13.94       2.63       7.32     -11.41     -55.72      70.21      485.5       99.7       11.3    5.18459    0.07732    0.09421      1.218
2011  252  55620445      16.39       2.38       7.39     -14.12     -61.19      72.14      495.1       93.7       10.3    4.90432    0.10685    0.07565      0.708
2011  252  55715636      18.78       0.11       5.00     -17.84     -74.34      88.70      480.5       98.5        5.9    2.64014    0.14028    0.04782      0.341
2011  252  55830660      21.31       5.20      12.88     -16.03     -49.09      68.02      508.6      105.0        5.5    2.73647    0.18063    0.05031      0.279
2011  252  55924105      20.48       0.91       6.45     -18.40     -70.51      81.95      485.4      104.7        6.7    3.08308    0.16685    0.06181      0.370
2011  252  56011460      19.32      -1.30       2.05     -19.16     -82.79     122.46      488.5      117.6        9.0    4.14561    0.14848    0.10359      0.698
2011  252  56101914      20.22      -0.77       3.60     -19.85     -79.50     102.07      482.2      114.3        8.3    3.74938    0.16269    0.09081      0.558
2011  252  56199996      19.15      -0.40       4.19     -18.65     -77.28      95.45      482.1      101.1        8.3    3.75645    0.14586    0.07114      0.488
2011  252  56299683      20.08       0.53       5.22     -19.37     -74.84      84.24      478.8      100.4        7.8    3.48584    0.16043    0.06610      0.412
2011  252  56397128      21.18       2.17       8.73     -18.98     -64.66      76.06      477.0       98.1        6.6    2.89871    0.17848    0.05280      0.296
2011  252  56506652      21.75       2.39      11.09     -18.29     -58.20      77.83      488.9      101.0        4.8    2.22177    0.18817    0.04086      0.217
2011  252  56606449      21.02       2.84      13.05     -16.18     -50.45      77.74      500.2       92.8        5.6    2.72511    0.17582    0.04046      0.230
2011  252  56695367      21.54       2.22      12.46     -17.32     -53.84      79.88      493.4       91.5        5.7    2.70647    0.18456    0.04015      0.218
2011  252  56793523      22.19       1.87      10.46     -19.47     -61.36      79.87      484.3       98.5        4.7    2.13699    0.19586    0.03807      0.194
2011  252  56906972      22.31       0.76       8.45     -20.61     -67.63      84.84      492.6      106.2        4.9    2.30198    0.19809    0.04610      0.233
2011  252  56991292      22.11       0.29       6.68     -20.99     -72.32      87.49      505.0       92.9        4.3    2.10782    0.19446    0.03072      0.158
2011  252  57192097      19.49      -2.42       4.26     -18.65     -75.29     119.62      531.9       88.0        8.3    4.54154    0.15116    0.05360      0.355
2011  252  57286289      18.58      -2.17       5.71     -17.34     -70.59     110.84      509.7      117.1        9.1    4.59874    0.13739    0.10456      0.761
2011  252  57377605      18.04       4.84      11.91     -11.21     -41.09      67.90      495.7       96.1       10.1    4.79220    0.12948    0.07757      0.599
2011  252  57587535      17.93       6.02      14.02      -9.31     -31.38      66.75      472.0      100.3       12.0    5.18714    0.12792    0.10102      0.790
2011  252  57679519      17.58       5.18      14.19      -8.93     -30.59      69.94      489.2      102.0       11.7    5.44110    0.12301    0.10197      0.829
2011  252  57774539      18.04       8.58      13.13      -8.38     -28.12      56.83      479.9       78.8       10.0    4.47176    0.12946    0.05204      0.402
2011  252  57889519      17.73       8.94      13.75      -5.72     -19.21      56.97      479.8       92.6       11.7    5.24632    0.12503    0.08419      0.673
2011  252  57976910      17.62       7.43      14.34      -6.44     -21.73      62.60      502.7       99.5       12.7    6.20807    0.12358    0.10492      0.849
2011  252  58068894      18.40       8.68      13.93      -6.88     -22.75      58.07      482.0       85.3       13.2    5.94213    0.13473    0.08020      0.595
2011  252  58173113      19.36       5.30      14.28     -11.64     -37.40      69.62      514.1       76.3       10.2    5.22827    0.14914    0.04958      0.332
2011  252  58265921      19.40       5.26      16.76      -8.02     -24.53      72.57      530.7       76.4        9.8    5.35167    0.14969    0.04779      0.319
2011  252  58357121      19.23       6.70      16.19      -7.75     -23.87      67.52      503.4       88.2        9.1    4.45689    0.14712    0.05893      0.401
2011  252  58467644      18.98       8.63      16.27      -4.42     -13.51      62.07      504.0       83.4        9.3    4.60176    0.14341    0.05436      0.379
2011  252  58568656      18.49       5.81      15.44      -7.75     -25.17      69.36      504.5       79.0       10.8    5.30982    0.13611    0.05610      0.412
2011  252  58666949      17.87       5.99      13.35      -9.91     -34.10      65.83      497.4       85.9       10.9    5.22142    0.12700    0.06712      0.529
2011  252  58765070      18.02       7.29      12.21     -10.96     -37.64      59.15      503.0       77.2        9.3    4.58174    0.12914    0.04647      0.360
2011  252  58878554      18.16       4.30      16.67      -5.42     -17.48      75.54      510.2       96.7        8.9    4.50322    0.13124    0.06981      0.532
2011  252  58962874      19.07       2.71      18.58      -2.30      -6.98      81.69      480.2      113.6        8.7    3.87365    0.14476    0.09350      0.646
2011  252  59054792      18.53       2.05      17.86      -2.52      -7.98      83.45      486.6       94.7        7.4    3.37726    0.13660    0.05517      0.404
2011  252  59154304      18.06       5.49      14.28      -9.30     -31.28      68.97      483.2       87.3        9.0    4.06381    0.12984    0.05720      0.441
2011  252  59250890      17.88       5.37      12.24     -11.66     -41.12      66.32      483.2       88.8       10.4    4.72271    0.12715    0.06879      0.541
2011  252  59350578      17.60       4.95      13.97      -9.45     -32.53      70.51      487.4       89.0       10.4    4.77527    0.12328    0.06861      0.556
2011  252  59451042      16.56       5.63      14.05      -6.63     -23.66      68.18      471.3      118.3       12.4    5.35262    0.10912    0.14547      1.333
2011  252  59549882      16.47       5.78      13.98      -6.49     -23.21      67.55      490.9       96.5        9.8    4.59660    0.10800    0.07655      0.709
2011  252  59647964      16.65       5.21      14.29      -6.74     -23.91      69.97      489.3       94.9        9.1    4.22977    0.11037    0.06856      0.621
2011  252  59746085      17.59       4.83      15.47      -6.80     -22.74      72.65      485.8       93.6        9.4    4.30798    0.12307    0.06888      0.560
2011  252  59858035      18.50       6.34      16.02      -6.67     -21.16      68.41      479.8       92.8        7.9    3.54859    0.13616    0.05721      0.420
2011  252  59942359      18.74       6.60      16.77      -4.91     -15.23      68.53      490.1       95.5        8.8    4.11151    0.13977    0.06729      0.481
2011  252  60040441      18.01       8.54      15.53       2.04       6.58      61.18      498.8       82.5        8.7    4.21181    0.12902    0.04966      0.385
2011  252  60138562      19.66       6.27      18.27      -2.44      -7.20      71.06      492.4       85.8        7.5    3.53175    0.15381    0.04619      0.300
2011  252  60229015      20.44       3.26      19.54      -4.90     -13.89      80.52      478.6       75.4        7.0    3.10480    0.16616    0.03326      0.200
2011  252  60318757      20.77       6.48      19.29      -4.15     -11.53      71.44      457.4       73.7        6.0    2.41808    0.17172    0.02705      0.158
2011  252  60432917      20.56       8.07      18.51      -3.61     -10.13      66.43      476.5       74.5        6.4    2.80500    0.16816    0.02955      0.176
2011  252  60517277      18.66      10.02      15.61      -0.10      -0.31      57.31      448.3       77.6       11.8    4.59898    0.13854    0.05933      0.428
2011  252  60636109      19.87      11.66      15.29      -4.79     -13.98      52.66      454.8       75.9        9.0    3.63100    0.15712    0.04353      0.277
2011  252  60724386      19.85      10.44      15.60      -6.12     -18.06      56.21      469.3       60.9        7.3    3.10006    0.15684    0.02247      0.143
2011  252  60828496      20.44       9.07      17.63      -4.69     -13.31      62.77      481.6       71.0        7.4    3.31861    0.16623    0.03107      0.187
2011  252  60912785      21.14       8.75      18.69      -4.48     -12.26      64.92      476.6       69.3        6.3    2.75711    0.17777    0.02514      0.141
2011  252  61017855      21.08       9.09      18.48      -4.37     -11.97      63.80      485.5       75.7        6.9    3.16733    0.17673    0.03322      0.188
2011  252  61113761      21.28       8.77      18.56      -5.37     -14.67      64.72      480.2       66.2        6.5    2.90224    0.18026    0.02378      0.132
2011  252  61219437      19.17       9.15      12.57     -10.98     -35.23      53.96      474.5       74.9        7.7    3.36403    0.14616    0.03618      0.248
2011  252  61305296      17.61       8.00       8.72     -12.84     -47.33      47.46      457.4       84.3        9.7    3.95119    0.12343    0.05791      0.469
2011  252  61408187      18.23       7.01       9.46     -13.81     -49.56      53.47      463.7       88.2        8.6    3.59072    0.13223    0.05603      0.424
2011  252  61505386      17.91       7.31      11.76     -10.85     -38.09      58.14      456.9       77.0        8.7    3.54154    0.12764    0.04336      0.340
2011  252  61616515      18.48       6.56      15.96      -6.49     -20.62      67.65      449.1       88.7        9.2    3.58325    0.13588    0.06028      0.444
2011  252  61701695      18.53       6.12      15.70      -7.58     -24.21      68.71      453.7       85.0        9.5    3.80136    0.13661    0.05757      0.421
2011  252  61800488      17.78       5.68      15.39      -6.47     -21.53      69.72      472.4       79.8        9.6    4.17062    0.12579    0.05131      0.408
2011  252  61893976      17.26       7.28      15.61      -0.41      -1.38      64.99      472.4       75.2       10.4    4.49059    0.11849    0.04912      0.415
2011  252  61989062      16.84       7.08      14.50      -1.01      -3.59      63.99      478.4       83.8        8.9    3.96964    0.11278    0.05252      0.466
2011  252  62088855      19.26       7.39      16.90      -5.18     -15.68      66.37      469.0       67.5        6.1    2.62327    0.14767    0.02339      0.158
2011  252  62189898      19.76       7.14      16.05      -9.04     -27.22      66.02      464.6       62.2        4.5    1.86468    0.15538    0.01442      0.093
2011  252  62290339      19.69       5.26      17.06      -7.82     -23.65      72.88      476.6       70.8        4.4    1.95062    0.15422    0.01855      0.120
2011  252  62385417      18.97       6.92      13.17     -11.50     -37.70      62.29      449.7       78.1        5.6    2.19231    0.14320    0.02853      0.199
2011  252  62482726      18.22       7.93      12.84     -10.12     -33.85      58.29      461.9       58.8        6.2    2.57482    0.13214    0.01801      0.136
2011  252  62593964      18.58       6.36      15.75      -7.44     -23.64      68.02      459.4       71.2        5.8    2.35964    0.13736    0.02445      0.178
2011  252  62680636      18.38       5.38      16.13      -6.80     -21.79      71.56      463.3       56.9        5.3    2.20118    0.13440    0.01433      0.107
2011  252  62793910      18.49      -1.82      15.17      -9.55     -32.01      96.83      529.3       48.0        5.8    3.14799    0.13603    0.01114      0.082
2011  252  62888964      18.96      -0.93      15.98      -9.86     -31.64      93.34      487.7       50.5        4.9    2.25331    0.14300    0.01041      0.073
2011  252  63076179      18.63      -4.23      17.71      -3.74     -11.61     103.42      519.5       60.8        5.3    2.78991    0.13807    0.01649      0.119
2011  252  63166492      18.31      -1.74      17.14      -5.75     -18.46      95.78      509.1       57.0        4.5    2.28130    0.13346    0.01231      0.092
2011  252  63266250      17.98       0.70      17.39      -4.22     -13.62      87.69      480.0       70.8        5.9    2.62543    0.12867    0.02463      0.191
2011  252  63555972      17.81       5.35      14.04      -9.39     -32.02      69.14      470.4       66.1        5.4    2.29686    0.12622    0.01956      0.155
2011  252  63669457      18.45       5.87      13.95     -10.51     -34.79      67.17      483.7       65.7        4.9    2.24330    0.13551    0.01783      0.132
2011  252  63759910      18.38       5.42      15.08      -8.86     -28.93      70.25      479.7       72.5        5.9    2.64898    0.13444    0.02606      0.194
2011  252  63864199      17.73       4.49      15.14      -7.80     -26.28      73.49      486.2       81.3        6.9    3.16404    0.12510    0.03817      0.305
2011  252  63968484      17.77       3.26      16.87      -4.07     -13.33      79.05      500.6       85.1        6.4    3.09844    0.12567    0.03861      0.307
2011  252  64060472      16.61       1.89      16.32      -2.09      -7.27      83.40      512.5       80.3        7.0    3.58021    0.10978    0.03786      0.345
2011  252  64154699      16.73       3.68      14.49      -5.05     -18.66      75.75      504.4       59.4        6.1    3.02926    0.11142    0.01814      0.163
2011  252  64250578      15.65       6.64       9.39     -10.34     -41.96      54.71      506.8       77.7        8.7    4.33355    0.09748    0.04395      0.451
2011  252  64345628      15.71       7.37       8.63     -10.76     -43.48      49.52      492.9       76.7        8.4    3.95791    0.09816    0.04133      0.421
2011  252  64452738      14.55       1.00       5.27     -12.51     -66.80      79.25      533.2       82.8        7.8    4.28610    0.08419    0.04457      0.529
2011  252  64535664      14.74       1.93       7.71     -12.00     -56.47      75.95      533.3       74.1        5.1    2.83012    0.08644    0.02354      0.272
2011  252  64639953      14.59       5.20       8.65     -10.47     -46.05      58.99      482.8      100.6        6.5    2.92437    0.08466    0.05475      0.647
2011  252  64747988      14.25       5.71       8.52      -9.72     -43.44      56.17      514.2       74.9        5.0    2.58928    0.08084    0.02367      0.293
2011  252  64836226      12.58       1.23      10.09      -2.08     -11.56      83.04      559.5       70.5        9.0    5.44396    0.06295    0.03728      0.592
2011  252  64954273      11.08       0.65      10.95       1.19       6.18      86.58      556.9       77.8       10.1    6.05072    0.04887    0.05091      1.042
2011  252  65133648      10.52      -0.88      10.29       1.51       8.35      94.88      565.3       70.9        8.0    4.98623    0.04405    0.03379      0.767
2011  252  65233300       9.14      -0.32       8.96       1.58      10.01      92.02      577.6       64.5        7.0    4.53455    0.03325    0.02435      0.732
2011  252  65331417       8.69      -0.47       8.46       1.55      10.34      93.19      576.2       66.0        7.2    4.62887    0.03002    0.02617      0.872
2011  252  65428007       8.46      -1.44       8.05       2.08      14.25     100.14      571.3       69.6        7.3    4.64857    0.02848    0.02972      1.043
2011  252  65526125       8.22      -0.59       7.82       2.30      16.37      94.32      570.4       67.3        7.8    4.94601    0.02688    0.02966      1.104
2011  252  65625781       8.50      -1.11       7.69       2.78      19.68      98.18      589.4       66.4        7.2    4.86788    0.02877    0.02660      0.925
2011  252  65722359      10.35      -3.55       9.59       1.50       8.32     110.29      577.1       62.9        5.6    3.59152    0.04263    0.01836      0.431
2011  252  65820476       9.62      -3.00       8.83       2.21      13.33     108.74      582.4       66.9        6.1    4.01317    0.03684    0.02279      0.619
2011  252  65935468       8.67      -2.76       3.16       5.65      53.41     131.19      561.3       71.1        5.2    3.16344    0.02990    0.02185      0.731
2011  252  66013585       8.99      -3.14      -2.09       8.11      65.07     213.63      546.5       71.4        5.6    3.24495    0.03219    0.02385      0.741
2011  252  66114804       8.63      -2.68       1.21       7.93      69.63     155.79      554.0       71.0        6.2    3.68137    0.02961    0.02606      0.880
2011  252  66215843       8.38      -2.88       1.54       7.39      66.18     151.89      559.8       72.0        6.7    4.07113    0.02795    0.02899      1.037
2011  252  66311046       8.32      -3.00       3.64       6.75      55.03     129.56      557.5       69.5        6.4    3.84504    0.02757    0.02578      0.935
2011  252  66412265       8.24      -3.44       5.99       4.28      31.77     119.87      558.0       71.4        6.4    3.85175    0.02702    0.02716      1.006
2011  252  66504210       8.25      -3.65       3.68       6.28      50.47     134.78      567.4       69.5        6.5    4.08226    0.02710    0.02642      0.975
2011  252  66602328       8.65      -3.57       3.55       6.96      54.11     135.16      569.0       69.7        5.7    3.59029    0.02976    0.02324      0.781
2011  252  66700453       8.83      -3.34       2.72       7.67      60.72     140.84      567.7       78.6        5.6    3.52085    0.03101    0.02911      0.939
2011  252  66798570       9.10      -3.23       3.10       7.88      60.39     136.12      559.4       80.9        5.8    3.52716    0.03292    0.03178      0.965
2011  252  66914945       8.94      -3.92       2.44       7.64      58.84     148.06      558.7       77.4        5.6    3.37004    0.03180    0.02788      0.877
2011  252  67004039       8.96      -4.26       2.87       7.31      54.89     146.08      569.6       75.3        5.7    3.58270    0.03192    0.02697      0.845
2011  252  67092968       8.93      -4.08       1.71       7.60      59.77     157.24      559.2       79.9        5.8    3.49755    0.03176    0.03080      0.970
2011  252  67191046       8.79      -4.20       1.20       7.44      59.63     164.06      567.7       71.4        5.4    3.40558    0.03078    0.02321      0.754
2011  252  67289164       7.75      -3.51       4.01       5.38      45.29     131.23      568.0       79.4        6.3    3.91778    0.02389    0.03303      1.382
2011  252  67387281       5.54      -2.79       3.99       0.68       7.97     124.95      566.0       78.6        6.2    3.83691    0.01222    0.03193      2.612
2011  252  67485406       4.23      -0.99       2.18      -0.01      -0.29     114.51      541.6       85.8        6.6    3.77735    0.00711    0.04088      5.747
2011  252  67587984       4.84      -4.00       2.25       0.83      10.31     150.61      567.8       81.1        6.2    3.84971    0.00932    0.03386      3.633
2011  252  67680789       5.29      -4.39       1.04      -2.47     -28.71     166.71      558.0      130.4        9.1    5.47306    0.01113    0.12879     11.576
2011  252  67779624       7.58      -4.69       2.95      -4.36     -38.18     147.82      560.1       57.2        5.1    3.11884    0.02285    0.01400      0.613
2011  252  67897851       9.42      -2.93       8.27      -2.40     -15.27     109.47      565.0       62.9        5.3    3.26565    0.03534    0.01743      0.493
2011  252  67979101       9.62      -3.29       8.75      -1.90     -11.48     110.59      562.8       61.1        4.9    2.98599    0.03686    0.01515      0.411
2011  252  68074156       9.65      -3.72       8.72      -1.79     -10.72     113.08      548.9       65.6        4.5    2.65177    0.03707    0.01632      0.440
2011  252  68172273       9.90      -3.52       8.98      -2.20     -12.84     111.41      539.6       60.8        4.4    2.45837    0.03903    0.01344      0.344
2011  252  68270398       9.95      -3.31       9.04      -2.38     -13.88     110.14      541.3       63.0        4.5    2.53050    0.03938    0.01478      0.375
2011  252  68368515       9.86      -3.34       9.01      -2.15     -12.64     110.35      547.3       68.6        4.9    2.82225    0.03866    0.01910      0.494
2011  252  68466632       9.50      -3.17       8.74      -1.65     -10.09     109.90      548.7       62.0        4.7    2.74796    0.03587    0.01512      0.421
2011  252  68564750       8.96      -3.26       8.23      -1.25      -8.05     111.58      553.5       67.1        5.1    3.05213    0.03191    0.01933      0.606
2011  252  68662875       9.18      -2.80       8.40      -2.34     -14.79     108.45      553.8       62.2        4.9    2.91162    0.03350    0.01581      0.472
2011  252  68760992       9.23      -2.42       8.59      -2.11     -13.30     105.73      551.2       74.7        5.5    3.25766    0.03388    0.02582      0.762
2011  252  68877507       9.06      -1.39       8.73      -0.01      -0.10      99.02      560.2       71.5        5.6    3.38912    0.03264    0.02381      0.729
2011  252  68960289       7.97      -4.22       1.42      -4.66     -46.30     161.39      549.2       85.6        5.5    3.20764    0.02526    0.03362      1.331
2011  252  69055351       7.02      -1.44       6.52       0.03       0.22     102.45      550.3       62.1        6.9    4.03881    0.01959    0.02220      1.133
2011  252  69153468       8.55      -2.38       8.19      -0.08      -0.54     106.19      554.9       60.1        6.6    3.95998    0.02909    0.02002      0.688
2011  252  69251585       8.66      -2.25       8.30      -0.62      -4.14     105.19      553.7       60.2        6.1    3.62719    0.02987    0.01849      0.619
2011  252  69349703       9.08      -2.64       8.51      -1.54      -9.78     107.24      547.2       56.5        5.7    3.32655    0.03278    0.01527      0.466
2011  252  69447828       9.51      -3.06       8.94      -0.80      -4.84     108.88      551.4       56.2        6.1    3.61914    0.03596    0.01618      0.450
2011  252  69545945       8.43      -2.63       7.98       0.23       1.58     108.28      555.0       62.0        7.7    4.58935    0.02827    0.02470      0.874
2011  252  69644062       9.00      -2.79       8.47       1.03       6.59     108.24      547.4       61.4        5.9    3.43851    0.03222    0.01864      0.579
2011  252  69742179       9.06      -2.73       8.55       0.94       5.97     107.69      552.0       63.1        6.0    3.55534    0.03267    0.02002      0.613
2011  252  69857171       7.85      -2.41       6.25       3.92      30.32     111.08      542.4       69.9        6.5    3.68970    0.02449    0.02640      1.078
2011  252  69947617       7.64      -1.92       7.04       1.95      14.98     105.27      544.2       69.8        6.4    3.69021    0.02322    0.02615      1.126
2011  252  70036539       7.74      -2.22       7.21       1.71      12.78     107.10      547.2       64.0        7.0    4.08454    0.02381    0.02406      1.010
2011  252  70131515       5.63      -2.43       3.82       2.79      31.67     122.43      524.3       87.5        8.7    4.66541    0.01263    0.05601      4.435
2011  252  70238875       6.31      -3.26       4.75       2.49      23.33     124.46      545.9       66.5        7.0    4.02563    0.01584    0.02575      1.625
2011  252  70330828       6.51      -3.54       4.80       2.42      22.08     126.39      543.8       68.9        6.9    3.94540    0.01684    0.02728      1.620
2011  252  70425914       7.47      -2.98       6.74       0.82       6.33     113.84      541.1       65.4        7.3    4.15750    0.02222    0.02620      1.179
2011  252  70533226       8.15      -3.57       7.21       0.90       6.35     116.36      549.7       54.2        6.6    3.86067    0.02641    0.01618      0.613
2011  252  70625257       7.96      -2.72       7.41       0.19       1.41     110.17      546.9       64.7        7.4    4.29840    0.02521    0.02592      1.028
2011  252  70723374       7.27      -2.70       6.71       0.45       3.55     111.92      538.7       63.5        7.3    4.13434    0.02101    0.02473      1.177
2011  252  70836789       7.17      -2.24       6.68       0.54       4.38     108.52      525.1       65.5        7.4    3.94831    0.02043    0.02652      1.298
2011  252  70925601       7.15      -2.37       6.43       0.16       1.37     110.21      529.0       62.9        7.3    3.97788    0.02034    0.02426      1.192
2011  252  71006968       8.34       1.84       5.10      -5.86     -47.22      70.17      490.8       78.5        6.0    2.79585    0.02767    0.03081      1.113
2011  252  71131148       8.62       1.84       5.50      -6.29     -47.30      71.49      506.3       76.5        5.9    2.94565    0.02959    0.02898      0.979
2011  252  71214648       7.85       1.53       5.05      -5.59     -46.62      73.10      494.8       81.8        7.1    3.35065    0.02455    0.03944      1.607
2011  252  71312046       8.22      -0.65       7.06      -4.13     -30.25      95.23      513.2       73.8        5.9    3.03999    0.02688    0.02707      1.007
2011  252  71413960       7.45      -1.44       6.10      -3.87     -31.71     103.31      521.7       70.4        7.3    3.85244    0.02206    0.03020      1.369
2011  252  71505945       7.38      -2.47       5.65      -3.97     -32.77     113.63      531.8       63.5        7.1    3.87549    0.02164    0.02382      1.101
2011  252  71604062       7.23      -3.19       5.37      -3.53     -29.51     120.72      535.5       71.3        7.7    4.27165    0.02082    0.03267      1.569
2011  252  71702187       7.30      -3.07       5.49      -3.65     -30.08     119.21      534.5       63.9        7.1    3.93012    0.02120    0.02419      1.141
2011  252  71799445       8.14      -2.78       6.46      -4.08     -30.10     113.25      527.2       68.4        6.4    3.45719    0.02635    0.02508      0.952
2011  252  71904554       8.29      -3.04       6.70      -3.80     -27.35     114.43      535.2       72.1        7.0    3.86826    0.02734    0.03022      1.105
2011  252  71992750       8.09      -3.41       6.50      -2.73     -20.41     117.68      520.2       72.5        6.0    3.17644    0.02603    0.02656      1.021
2011  252  72114515       8.41      -5.28       6.39      -1.26      -8.67     129.55      531.1       62.4        5.8    3.19267    0.02813    0.01897      0.674
2011  252  72195093       7.99      -4.85       6.17       1.14       8.24     128.15      532.5       65.5        5.9    3.25296    0.02542    0.02121      0.834
2011  252  72299343       7.93      -0.64       5.09      -4.35     -40.31      97.19      543.3       76.5        6.2    3.56800    0.02500    0.03047      1.219
2011  252  72388257       8.29       2.72       2.54      -7.40     -63.29      43.03      516.4       89.3        5.1    2.62292    0.02736    0.03380      1.235
2011  252  72495585       7.82       2.45       2.76      -6.89     -61.82      48.37      525.0       96.4        4.9    2.61831    0.02436    0.03803      1.561
2011  252  72590632       8.05       2.57       2.72      -7.12     -62.29      46.60      524.3       85.8        4.7    2.50238    0.02578    0.02886      1.119
2011  252  72688750       8.03       2.19       3.30      -6.97     -60.42      56.47      514.1       95.9        4.9    2.52944    0.02565    0.03795      1.479
2011  252  72789937       5.32       0.95       2.05      -4.77     -64.66      65.11      530.0       99.7        5.4    2.93666    0.01126    0.04481      3.978
2011  252  72878859       5.46       0.61       2.35      -4.85     -63.38      75.52      521.8      100.7        5.6    2.95249    0.01187    0.04739      3.992
2011  252  72973914       4.21       0.56       1.22      -2.95     -65.45      65.35      522.2      104.6        5.8    3.07163    0.00705    0.05308      7.531
2011  252  73088898       4.91       1.17      -2.03      -4.29     -61.35     299.86      515.8      115.4        5.3    2.75316    0.00960    0.05943      6.189
2011  252  73176281       5.19       1.81      -1.19      -4.63     -64.97     326.66      513.2      124.9        5.8    2.96103    0.01070    0.07562      7.064
2011  252  73274406       4.58       0.58       2.20      -3.85     -59.45      75.18      530.6      114.9        5.0    2.74319    0.00834    0.05544      6.646
2011  252  73366390       4.07       1.54       1.68      -3.31     -55.41      47.49      526.8      117.0        5.3    2.83486    0.00659    0.06030      9.150
2011  252  73464507       4.41       1.45       1.47      -3.85     -61.79      45.50      529.5      116.5        5.2    2.83764    0.00773    0.05927      7.664
2011  252  73562624       3.73       0.63       2.01      -2.98     -54.80      72.70      530.4      116.4        5.2    2.84762    0.00552    0.05909     10.700
2011  252  73660750       4.06       2.11       1.38      -3.08     -50.73      33.06      524.3      121.5        5.4    2.87924    0.00655    0.06661     10.168
2011  252  73755804       4.39       1.91       1.81      -3.46     -52.70      43.42      523.2      120.3        5.4    2.86840    0.00767    0.06540      8.531
2011  252  73863117       5.15       3.94      -0.94      -2.98     -36.33     346.58      516.3      124.5        5.2    2.71429    0.01057    0.06800      6.435
2011  252  73958132       4.81       2.78      -1.80      -3.40     -45.81     327.11      514.4      124.1        5.3    2.74614    0.00919    0.06889      7.495
2011  252  74068382       6.07       4.66      -1.75      -3.46     -34.79     339.42      494.9      129.5        5.9    2.80031    0.01465    0.08261      5.638
2011  252  74153421       5.35       4.37       0.14      -2.58     -30.57       1.84      499.7      110.0        4.9    2.38823    0.01140    0.04987      4.374
2011  252  74248468       4.54       2.30       2.56      -2.51     -36.13      48.10      497.8      121.6        5.7    2.76225    0.00820    0.07104      8.665
2011  252  74353710       5.27       0.08       4.91      -1.74     -19.54      89.12      528.4       95.1        4.6    2.51203    0.01106    0.03507      3.171
2011  252  74442640       5.84       0.97       5.34      -1.99     -20.15      79.72      515.5       92.9        4.7    2.40488    0.01356    0.03368      2.485
2011  252  74540750       5.99       1.72       3.47      -4.49     -49.20      63.72      492.5      110.3        5.7    2.66890    0.01425    0.05768      4.047
2011  252  74645000       6.48       0.93       5.29      -3.55     -33.50      80.05      509.8       93.9        5.0    2.53280    0.01668    0.03703      2.220
2011  252  74736984       6.77       0.27       5.86      -3.37     -29.83      87.35      516.7       90.7        4.7    2.44255    0.01824    0.03245      1.779
2011  252  74834937       6.89      -0.72      -0.48      -5.65     -81.32     213.46      516.4       94.9        5.0    2.56496    0.01890    0.03730      1.974
2011  252  74933054       8.03       0.44      -0.28      -7.91     -86.21     327.79      522.5       85.6        5.5    2.90944    0.02568    0.03363      1.310
2011  252  75043578       8.81       0.39      -1.87      -8.56     -77.41     281.92      509.0       87.3        5.2    2.61975    0.03092    0.03321      1.074
2011  252  75129429       6.60       0.67      -3.17      -5.57     -59.86     281.98      510.4       81.4        6.3    3.19282    0.01735    0.03501      2.017
2011  252  75224484       7.30       0.62      -1.03      -7.12     -80.41     300.85      505.5       83.6        4.8    2.37626    0.02122    0.02799      1.319
2011  252  75322601       5.02       0.70      -0.52      -4.78     -79.62     323.38      507.8       96.0        5.7    2.86427    0.01004    0.04412      4.396
2011  252  75420718       2.98       2.37      -0.13      -1.79     -36.95     356.84      499.9       96.3        6.9    3.36426    0.00354    0.05376     15.192
2011  252  75514312       4.44       3.63      -0.83      -2.38     -32.53     347.15      495.3      104.3        6.9    3.30138    0.00784    0.06308      8.044
2011  252  75616960       1.79       1.47      -0.10      -1.00     -34.08     356.15      499.7       95.5        6.9    3.36620    0.00127    0.05299     41.700
2011  252  75715117       4.48       3.88      -0.32      -2.15     -28.98     355.23      492.5       99.2        6.7    3.13700    0.00799    0.05490      6.867
2011  252  75808632       5.56       4.45       0.13      -3.28     -36.37       1.67      490.1      102.0        6.7    3.12001    0.01229    0.05827      4.741
2011  252  75917445       5.35       3.10      -0.66      -4.09     -52.25     347.93      501.2       96.2        6.7    3.24106    0.01137    0.05147      4.526
2011  252  76024804       6.04       2.52       1.16      -5.26     -62.17      24.72      484.1      105.3        6.6    3.00211    0.01451    0.06120      4.217
2011  252  76110656       5.43       2.21       1.40      -4.73     -61.07      32.32      498.3       93.5        6.3    3.03661    0.01175    0.04608      3.922
2011  252  76199445       7.28       3.62       2.49      -5.44     -51.09      34.52      493.5       81.6        5.7    2.68900    0.02110    0.03166      1.501
2011  252  76295992       8.27      -0.12      -0.73      -8.12     -84.79     260.51      498.3       83.1        6.4    3.09146    0.02720    0.03704      1.362
2011  252  76401773       7.05      -4.55      -4.37      -2.93     -24.95     223.82      523.8       65.5        7.5    4.01472    0.01975    0.02705      1.369
2011  252  76493765       7.58      -4.56      -4.35      -4.02     -32.53     223.60      519.3       70.2        9.3    4.88386    0.02284    0.03846      1.684
2011  252  76598007       7.26      -4.78      -4.01      -3.48     -29.18     220.00      522.6       65.5        8.9    4.71539    0.02097    0.03196      1.524
2011  252  76686929       7.42      -4.08      -5.24      -2.90     -23.57     232.09      513.2       70.2       10.0    5.12132    0.02190    0.04127      1.885
2011  252  76792046       7.81      -4.73      -5.19      -2.95     -22.81     227.61      516.0       57.2        9.7    5.03135    0.02429    0.02665      1.097
2011  252  76888585       7.88      -3.55      -4.61      -5.12     -41.36     232.39      507.2       60.5        9.5    4.76078    0.02470    0.02917      1.181
2011  252  77005820       8.27      -4.96      -3.80      -5.21     -39.80     217.51      519.6       53.9        8.2    4.29686    0.02722    0.01993      0.732
2011  252  77088617       8.48      -6.75      -3.42      -3.59     -25.36     206.87      534.9       55.6        8.7    4.81657    0.02863    0.02242      0.783
2011  252  77180601       8.61      -6.51      -4.88      -2.51     -17.17     216.85      524.9       62.5        9.1    4.87709    0.02947    0.02977      1.010
2011  252  77288703       8.33      -7.42      -3.62      -0.47      -3.28     206.04      536.8       59.1        8.2    4.60693    0.02761    0.02405      0.871
2011  252  77378328       8.70      -7.47      -4.37      -0.49      -3.22     210.35      531.8       58.3        8.0    4.38866    0.03012    0.02271      0.754
2011  252  77484148       9.58      -8.74      -2.56       2.91      17.73     196.31      541.6       48.2        7.2    4.07714    0.03650    0.01393      0.382
2011  252  77582273       9.68      -8.67      -2.97       2.91      17.63     198.92      540.2       49.5        7.7    4.34737    0.03729    0.01574      0.422
2011  252  77680390       9.74      -8.72      -2.76       3.25      19.54     197.59      545.4       46.7        7.7    4.44218    0.03772    0.01404      0.372
2011  252  77775445       9.77      -8.10      -1.55       5.10      31.74     190.86      536.5       56.1        8.3    4.62297    0.03797    0.02182      0.575
2011  252  77873562       9.74      -8.11      -1.46       5.18      32.13     190.21      536.6       53.4        8.2    4.58449    0.03776    0.01955      0.518
2011  252  77989406       9.18      -7.75      -1.68       3.78      25.48     192.20      539.5       70.6        8.6    4.87195    0.03355    0.03601      1.073
2011  252  78070585       8.61      -8.32      -1.81       0.37       2.46     192.30      542.8       60.8        9.0    5.15700    0.02951    0.02785      0.944
2011  252  78164851       9.44      -9.23      -0.36       0.18       1.14     182.22      533.3       48.7        8.3    4.56618    0.03542    0.01642      0.463
2011  252  78462414       9.54      -8.12      -3.45       3.52      21.74     203.05      519.8       52.0        7.4    3.85822    0.03618    0.01663      0.460
2011  252  78560359       8.16      -6.07      -3.89      -0.62      -4.93     212.65      524.6       64.7        7.8    4.13771    0.02647    0.02714      1.025
2011  252  78655453       7.70      -5.79      -2.69      -3.91     -31.48     204.91      535.8       64.4        8.1    4.52092    0.02362    0.02814      1.191
2011  252  78753539       7.64      -5.30      -4.00      -3.72     -29.27     217.06      527.8       62.7        8.5    4.60641    0.02321    0.02802      1.207
2011  252  78848625       8.17      -5.90      -3.80      -4.00     -29.69     212.79      523.9       62.5        7.7    4.10363    0.02656    0.02514      0.946
2011  252  78968164       8.49      -6.39      -3.66      -4.18     -29.61     209.79      523.2       66.1        7.9    4.21790    0.02865    0.02900      1.012
2011  252  79047929       8.01      -5.80      -3.48      -4.25     -32.13     210.99      526.8       64.5        8.6    4.64504    0.02552    0.03006      1.178
2011  252  79142945       7.69      -4.14      -4.82      -4.25     -33.76     229.33      517.2       66.3        8.6    4.44639    0.02356    0.03148      1.336
2011  252  79247234       8.09      -4.71      -4.96      -4.24     -31.82     226.46      522.7       65.0        8.2    4.34687    0.02607    0.02900      1.112
2011  252  79336117       7.65      -3.78      -6.04      -2.64     -20.30     237.97      519.2       65.9        7.9    4.12177    0.02329    0.02863      1.230
2011  252  79442046       7.64      -3.57      -5.01      -4.08     -33.56     234.50      520.5       53.2        9.0    4.73167    0.02323    0.02129      0.917
2011  252  79535492       7.83      -0.50       6.66      -3.16     -25.29      94.31      503.2       60.6        9.5    4.68344    0.02438    0.02929      1.201
2011  252  79639742       8.27       0.44       7.29      -2.49     -18.81      86.58      497.9       48.0        8.4    4.01663    0.02724    0.01612      0.592
2011  252  79739468       8.48      -0.87      -1.38      -6.15     -75.15     237.81      506.8       39.9        7.4    3.68736    0.02858    0.00987      0.345
2011  252  79835914       8.28      -1.56      -5.67      -5.80     -44.62     254.60      511.1       66.6        7.7    3.90218    0.02728    0.02858      1.048
2011  252  79952421       7.66      -0.11      -5.78      -5.02     -41.00     268.93      511.5       71.3        7.6    3.86262    0.02335    0.03239      1.387
2011  252  80038281       8.34      -0.84      -6.73      -4.83     -35.48     262.89      510.5       67.2        7.4    3.76078    0.02770    0.02812      1.015
2011  252  80129585       9.16      -1.69      -7.04      -5.55     -37.45     256.51      511.1       67.1        6.7    3.38859    0.03342    0.02515      0.752
2011  252  80231453       9.93      -1.71      -8.08      -5.45     -33.43     258.08      511.2       68.8        6.6    3.33265    0.03924    0.02603      0.663
2011  252  80329570      10.30      -1.53      -8.44      -5.62     -33.21     259.73      511.9       64.3        6.8    3.46351    0.04218    0.02354      0.558
2011  252  80427695      10.45      -1.84      -8.56      -5.65     -32.82     257.88      515.2       59.9        6.7    3.42763    0.04347    0.01999      0.460
2011  252  80525812      10.68      -1.59      -9.09      -5.33     -30.04     260.08      509.9       66.0        7.0    3.53051    0.04536    0.02548      0.562
2011  252  80621007      11.10      -1.13      -9.66      -5.34     -28.78     263.32      504.0       57.8        6.4    3.17479    0.04905    0.01798      0.367
2011  252  80722187       9.24      -0.24      -3.51       5.83      58.85     266.10      511.1       66.0       10.1    5.13492    0.03396    0.03685      1.085
2011  252  80817929       7.84      -1.85      -3.51       5.65      54.88     242.19      517.3       79.1        9.5    4.94697    0.02443    0.04987      2.041
2011  252  80932976       7.68      -1.57      -2.95       5.85      60.21     241.96      492.9       62.7        8.8    4.12745    0.02347    0.02878      1.227
2011  252  81019648       7.83      -4.17      -1.51       6.23      54.54     199.91      527.1       72.8        9.7    5.21234    0.02439    0.04284      1.756
2011  252  81116953       7.90      -3.58      -2.24       6.21      55.79     212.00      527.7       63.5        9.7    5.26676    0.02482    0.03287      1.324
2011  252  81215781       5.87      -3.14       0.99       4.78      55.45     162.44      527.4       69.0       11.2    6.05763    0.01370    0.04465      3.260
2011  252  81310937       7.23      -2.73      -1.23       6.31      64.64     204.30      523.0       61.0        9.5    5.04150    0.02082    0.02960      1.422
2011  252  81409054       7.95      -1.91      -2.12       7.24      68.50     228.01      516.4       62.1       10.1    5.24216    0.02517    0.03271      1.300
2011  252  81504007       9.20       0.33      -2.75       8.62      72.20     276.78      491.3       64.8        8.5    3.97830    0.03370    0.02980      0.884
2011  252  81611429       9.36      -1.88      -5.50       7.00      50.31     251.15      507.7       63.7        8.2    4.08531    0.03486    0.02775      0.796
2011  252  81700312      10.58      -2.07      -9.67       0.41       2.39     257.89      503.5       64.1        6.2    3.05045    0.04456    0.02133      0.479
2011  252  81804421      10.03      -1.70      -9.16      -1.33      -8.12     259.50      519.3       63.3        7.5    3.90581    0.04005    0.02498      0.624
2011  252  81914945      10.28      -1.22      -8.62       4.87      29.25     261.91      502.6       57.3        6.6    3.24375    0.04206    0.01817      0.432
2011  252  81997601      10.09      -0.36      -9.74       1.89      10.99     267.87      502.7       65.0        7.0    3.41908    0.04055    0.02460      0.607
2011  252  82098921       9.95      -1.19      -9.10       3.12      18.74     262.58      511.2       68.9        7.0    3.53872    0.03943    0.02773      0.703
2011  252  82190914      10.01      -2.18      -8.64       3.56      21.76     255.84      502.9       61.2        7.2    3.52467    0.03986    0.02252      0.565
2011  252  82289031      10.31      -2.83      -8.85       4.42      25.46     252.29      512.5       64.7        6.5    3.32429    0.04232    0.02285      0.540
2011  252  82389367       9.79      -2.50      -8.00       4.88      30.18     252.68      513.9       64.5        6.8    3.50043    0.03815    0.02374      0.622
2011  252  82485273       9.71      -2.27      -8.82       2.66      16.31     255.56      510.5       62.1        7.5    3.78609    0.03750    0.02416      0.644
2011  252  82586312       9.56      -1.93      -8.04      -4.77     -29.99     256.51      507.5       63.5        7.2    3.58445    0.03635    0.02415      0.664
2011  252  82682210       9.28      -2.28      -7.52      -4.83     -31.59     253.16      510.1       67.9        8.4    4.22136    0.03426    0.03226      0.942
2011  252  82772671       9.47      -2.32      -7.44      -5.26     -34.00     252.67      510.2       59.3        7.7    3.91079    0.03571    0.02278      0.638
2011  252  82895999       9.92      -2.75      -8.82      -3.52     -20.88     252.67      509.6       54.4        7.5    3.78674    0.03914    0.01863      0.476
2011  252  82978789       9.90      -2.97      -8.51      -3.99     -23.88     250.78      514.0       55.0        8.2    4.19976    0.03903    0.02075      0.532
2011  252  83073156      10.05      -2.55      -9.61      -0.19      -1.12     255.13      513.8       54.0        7.6    3.90735    0.04019    0.01863      0.463
2011  252  83173640      10.12      -0.60     -10.01       0.54       3.09     266.55      508.6       55.6        8.4    4.21842    0.04078    0.02169      0.532
2011  252  83267015      10.19       0.08      -9.84      -0.33      -1.91     270.47      500.7       59.3        9.3    4.54548    0.04128    0.02746      0.665
2011  252  83371265      10.59      -2.40      -9.29      -4.32     -24.22     255.50      523.9       57.9        7.4    3.94967    0.04467    0.02076      0.465
2011  252  83463250      10.50      -3.15      -8.53      -5.08     -29.18     249.71      516.9       55.0        7.5    3.89150    0.04385    0.01898      0.433
2011  252  83566820      10.30      -2.74      -9.13      -3.34     -19.30     253.30      513.2       57.7        9.1    4.63994    0.04218    0.02531      0.600
2011  252  83659492      10.02      -1.71      -8.88      -3.72     -22.35     259.13      503.7       56.5        9.1    4.46441    0.03994    0.02417      0.605
2011  252  83761523       9.93      -1.43      -9.04      -3.57     -21.29     261.01      508.8       52.7        9.0    4.51608    0.03921    0.02086      0.532
2011  252  83875796       9.61      -0.83      -7.66      -5.35     -34.81     263.83      504.9       55.2        9.9    4.88388    0.03671    0.02519      0.686
2011  252  83961648       9.93      -2.28      -8.69      -4.16     -24.85     255.32      508.3       49.7        8.9    4.44275    0.03921    0.01831      0.467
2011  252  84053632      10.12      -2.55      -8.96      -3.72     -21.78     254.14      508.7       51.5        8.9    4.45173    0.04072    0.01967      0.483
2011  252  84153289      10.13      -2.63      -8.95      -3.85     -22.43     253.60      507.1       52.4        9.2    4.60442    0.04086    0.02119      0.519
2011  252  84250585      10.27      -2.12      -8.36      -5.46     -32.37     255.78      505.1       51.9        9.4    4.63967    0.04195    0.02112      0.503
2011  252  84347992      10.23      -1.99      -8.31      -5.53     -32.92     256.56      506.6       52.1        9.6    4.80062    0.04161    0.02189      0.526
2011  252  84447500      10.41      -1.74      -8.39      -5.89     -34.50     258.32      506.3       46.1        8.6    4.26875    0.04311    0.01523      0.353
2011  252  84545617      10.43      -1.82      -9.05      -4.65     -26.77     258.63      511.5       53.0       10.1    5.13440    0.04326    0.02380      0.550
2011  252  84643875       9.65      -2.26      -7.27      -5.90     -37.77     252.70      516.1       51.9        9.9    5.11233    0.03706    0.02228      0.601
2011  252  84740328      10.21      -1.74      -7.79      -6.31     -38.32     257.39      500.2       57.8        9.8    4.77170    0.04152    0.02751      0.663
2011  252  84855312      10.93      -1.92      -5.62      -8.97     -56.47     251.16      500.6       58.1        9.0    4.35740    0.04751    0.02526      0.532
2011  252  84938874      10.58       0.50      -4.27      -9.63     -65.94     276.69      506.0       54.8        8.7    4.31421    0.04455    0.02180      0.489
2011  252  85034679      10.24       0.30      -2.46      -9.86     -75.88     276.88      501.0       49.0        8.5    4.12634    0.04174    0.01702      0.408
2011  252  85134468       9.68       1.02      -2.24      -9.03     -74.76     294.49      504.8       56.8        8.8    4.36929    0.03728    0.02382      0.639
2011  252  85230234       9.84       1.40      -3.50      -9.06     -67.40     291.83      502.6       53.6        8.8    4.31482    0.03855    0.02112      0.548
2011  252  85333640       9.81       1.48      -2.46      -9.31     -72.86     301.00      508.1       42.9        8.3    4.14218    0.03829    0.01271      0.332
2011  252  85428828       9.74       3.33      -0.20      -9.07     -69.82     356.51      505.4       57.8        9.4    4.65899    0.03777    0.02630      0.696
2011  252  85526804      10.15       2.01      -1.21      -9.83     -76.56     328.86      502.1       53.0        7.9    3.87849    0.04099    0.01862      0.454
2011  252  85623390      10.61       1.51      -0.79     -10.46     -80.75     332.30      500.1       54.0        6.8    3.29567    0.04478    0.01654      0.369
2011  252  85721507      10.74       1.71      -0.80     -10.56     -79.85     334.99      500.8       54.5        7.0    3.40511    0.04585    0.01739      0.379
2011  252  85837343      10.22       1.20      -0.31     -10.15     -83.05     345.72      502.4       56.9        8.0    3.93416    0.04159    0.02173      0.523
2011  252  85919281      10.05       0.81      -1.30      -9.89     -81.19     301.83      504.4       54.8        9.1    4.47846    0.04018    0.02275      0.566
2011  252  86017398      10.03       0.86      -1.04      -9.93     -82.26     309.63      508.4       54.2        8.4    4.23263    0.04001    0.02077      0.519
2011  252  86115515       9.62       0.53      -0.86      -9.52     -83.97     301.65      506.8       53.8        8.7    4.34324    0.03679    0.02113      0.574
2011  252  86214484       9.15       0.44      -0.79      -9.07     -84.29     298.80      508.9       53.5        9.1    4.58387    0.03331    0.02186      0.656
2011  252  86311750       9.63       0.53      -0.27      -9.57     -86.43     332.95      500.3       54.7        8.3    4.03477    0.03692    0.02079      0.563
