                       Wind MFI and SWE Data, 1 hour resolution, GSM coordinates
Year  DOY  millisecs       B          Bx         By         Bz         V          Np        Psw      Epsilon      VBs    
                           nT         nT         nT         nT        km/s       cm^3       nPa      10^11 W      mV/m   
1998  310  84570375       7.73      -0.70       3.45       0.84      399.8        6.3    1.95046      0.693    0.00000
1998  311   1763557       7.80      -3.07       5.22      -3.81      402.8        6.9    2.15915      3.091    1.53600
1998  311   5445839       7.04      -3.20       5.70      -1.84      387.8        6.3    1.82451      1.639    0.71309
1998  311   9039869       6.66      -2.44       5.79      -0.35      379.0       10.0    2.79126      0.941    0.13278
1998  311  12623990       5.88      -3.59       3.40      -0.54      387.0        6.0    1.74661      0.891    0.20752
1998  311  16205166       6.51      -3.10       4.62      -2.43      403.2        5.3    1.65861      1.828    0.97808
1998  311  19802890       6.33      -4.53       3.91      -0.52      395.1        5.1    1.54472      1.010    0.20473
1998  311  30567685       9.57      -5.76       2.36       2.43      461.2       11.7    4.82968      0.168    0.00000
1998  311  34165566       8.73      -5.15      -2.23       0.64      496.8       14.5    6.94312      0.986    0.00000
1998  311  37770355       7.59      -0.25       4.97      -0.34      522.1       12.9    6.84403      1.710    0.17739
1998  311  55799691      11.29       3.99       6.73      -7.86      510.4       13.2    6.67354     10.031    4.01242
1998  311  59391296       9.09       0.11       7.28      -1.53      492.0       10.4    4.89905      2.945    0.75167
1998  311  62977542       9.62       3.18       8.14      -3.20      499.8        9.7    4.71498      4.305    1.60155
1998  311  66570750       8.79       4.61       4.57       0.41      513.7       10.7    5.50301      1.638    0.00000
1998  311  70160656       8.22       2.72       5.70       2.68      499.3       11.1    5.37266      0.556    0.00000
1998  311  81032578      12.34       3.38      10.83      -3.05      484.2       11.2    5.10004      5.936    1.47768
1998  311  84616367      14.46       3.65      10.70      -8.77      477.8       11.3    5.01183     13.289    4.19306
1998  312   5391917      16.04       3.44       8.16     -12.93      469.8        6.1    2.60838     20.515    6.07409
1998  312  12580627      16.08       4.36      10.16     -11.16      476.4        4.7    2.04956     18.567    5.31713
1998  312  16168196      22.15       3.87      12.15     -16.83      452.7        5.4    2.13141     36.298    7.61912
1998  312  23409357      35.52       8.01      32.72     -10.10      630.6        6.4    4.90328     66.511    6.37045
1998  312  27030826      33.04       4.16      32.43      -2.31      651.6        7.5    6.16329     40.657    1.50405
1998  312  34181078      30.28      -2.36      28.91       8.31      602.9        8.3    5.88360     14.428    0.00000
1998  312  37797742      28.05      -1.30      26.48       8.98      590.3       13.3    9.02367     10.668    0.00000
1998  312  41359609      27.45       0.25      25.64       8.18      595.9       15.3   10.53112     10.848    0.00000
1998  312  52235480      26.59      -9.04      -5.68      23.39      547.9       19.0   11.08069      0.015    0.00000
1998  312  55826238      26.41      -8.70     -16.23      18.51      530.3       14.3    7.82640      1.133    0.00000
1998  312  59427250      25.01      -5.05      -5.03      23.27      528.8       31.3   16.99656      0.008    0.00000
1998  312  62998519      23.24      -1.82       0.04      22.72      539.9       15.5    8.75864      0.000    0.00000
1998  312  66610492      22.58       0.66       7.92      20.79      547.6       19.5   11.32827      0.060    0.00000
1998  312  70177062      20.67      -5.20       5.52      19.03      520.3       23.3   12.25931      0.017    0.00000
1998  312  73766414      20.38      -4.54       8.95      17.31      529.4       25.1   13.66111      0.137    0.00000
1998  312  77358031      21.70      -4.82       8.35      19.16      522.5       11.8    6.25841      0.085    0.00000
1998  312  81045859      22.10       0.17      17.28      12.75      506.4        8.2    4.09323      2.035    0.00000
1998  312  84634453      19.78       5.40      16.86       5.38      505.6       17.2    8.51230      4.774    0.00000
1998  313   1833017      20.96       7.30      17.86       3.75      509.4       14.9    7.48071      7.033    0.00000
