                       Wind MFI and SWE Data, 1 hour resolution, GSM coordinates
Year  DOY  millisecs       B          Bx         By         Bz         V          Np        Psw      Epsilon      VBs    
                           nT         nT         nT         nT        km/s       cm^3       nPa      10^11 W      mV/m   
2000  332  84639796       8.11       2.28       7.64       1.15      561.8        6.7    4.12232      1.335    0.00000
2000  333   1789651       8.38       2.50       7.91       0.97      552.9        7.4    4.36248      1.493    0.00000
2000  333   5430169       8.06       2.03       7.71       0.34      544.0        9.3    5.36760      1.607    0.00000
2000  333   8998460       7.70       2.46       7.12      -0.49      531.0       11.0    6.01251      1.790    0.25821
2000  333  12622250       7.17       5.51       1.41      -2.93      515.3        5.3    2.71469      4.767    1.51212
2000  333  16174027       7.16       5.52       1.75      -3.74      522.5        4.7    2.51582      4.840    1.95388
2000  333  23368474      12.20       6.25       3.59      -7.93      564.8       11.7    7.22413     15.297    4.48166
2000  333  27010531      11.84       8.06       3.92      -7.15      542.5       13.1    7.48127     13.348    3.87920
2000  333  30558984       9.08       5.93       2.80      -5.24      538.3       12.1    6.78845      7.839    2.82270
2000  333  34204828       7.60       4.29       2.41      -5.06      554.3       10.7    6.38110      5.775    2.80535
2000  333  41403523       6.43       1.85      -2.34       0.67      569.4        9.1    5.72659      0.614    0.00000
2000  333  48591710       9.06      -5.53       5.98      -3.20      611.0       12.7    9.16762      5.405    1.95307
2000  333  52236015       9.06      -6.02       5.22      -4.08      595.5        7.0    4.80622      6.362    2.42904
2000  333  55784437       8.75      -7.71       0.68      -1.46      606.6        6.6    4.70141      8.423    0.88750
2000  333  59430246       7.82      -6.80      -2.60       1.53      594.6        6.4    4.36286      0.439    0.00000
2000  333  62986246       7.70      -5.37      -3.19       2.23      555.9        5.9    3.54007      0.299    0.00000
2000  333  66630585       7.65      -5.52       1.79      -0.63      580.3        4.8    3.14699      2.999    0.36394
2000  333  70171187       6.29      -4.78       0.24      -2.26      596.2        3.6    2.48540      4.677    1.34924
2000  333  73836250       6.03      -2.02      -1.32      -5.09      548.9        4.7    2.72492      3.855    2.79370
2000  333  77369367       5.56      -0.81      -3.02      -3.18      537.8        7.9    4.42471      2.466    1.70789
2000  333  81011406       6.91      -2.95      -3.22      -4.99      549.1        6.8    4.00600      4.420    2.74151
2000  333  84555078       7.91      -2.94      -0.75      -6.93      550.2        7.6    4.48986      6.818    3.81134
2000  334   1801710       8.81      -2.58       0.41      -8.19      547.7        9.5    5.51588      8.457    4.48376
2000  334   5445276       8.39      -3.44      -0.15      -7.58      548.1        9.2    5.38421      7.697    4.15440
2000  334   9011850       8.00      -2.24      -2.21      -7.14      535.1        6.3    3.50855      6.529    3.81949
2000  334  12640075       9.51      -0.37      -3.41      -8.53      576.4        5.9    3.79604      9.658    4.91563
2000  334  16184671      10.78       2.40      -4.80      -9.21      539.0        7.4    4.18128     11.107    4.96141
2000  334  23383414      15.34      -1.81     -11.86      -8.44      580.1       19.2   12.56577     16.969    4.89605
2000  334  27030083      13.60      -1.12      -8.44      -9.38      566.8       18.3   11.39177     15.881    5.31835
2000  334  30576865      12.48       1.41      -6.01      -8.87      536.2       24.0   13.39696     13.892    4.75415
2000  334  34218890      10.43      -1.41      -8.21      -4.98      554.3       13.6    8.11622      6.921    2.75783
2000  334  37764308      10.62       2.97      -6.23      -6.90      530.6       11.1    6.03946      9.055    3.66368
2000  334  41413914      10.51       5.63      -3.28      -7.54      516.0        9.5    4.89005     10.440    3.89216
2000  334  44963800       9.23       5.77       2.11      -6.72      498.8       10.2    4.91750      8.085    3.35193
2000  334  48607394       8.50       6.41       2.98      -4.61      493.0        8.7    4.10384      6.010    2.27519
2000  334  52154175       8.44       5.22       5.26      -3.03      488.2        8.5    3.90932      3.897    1.47953
2000  334  55802378       8.07       3.13       6.38      -3.37      493.5        6.9    3.26095      3.446    1.66074
2000  334  62998156       7.85       2.87       3.51       6.13      492.6        5.3    2.49891      0.026    0.00000
2000  334  70189374       7.74       2.88       1.12       5.82      479.6        5.5    2.43562      0.000    0.00000
2000  334  73831335       7.45       2.84       6.13      -0.07      476.5        5.5    2.41288      1.349    0.03335
2000  334  77385796       5.91       3.57       3.43      -0.20      460.5        6.6    2.71081      0.896    0.09151
2000  334  81032390       6.01       0.79       1.21       1.98      485.0        9.5    4.34478      0.019    0.00000
2000  334  84582234       6.68       1.99      -2.60       4.58      485.8        5.2    2.40189      0.018    0.00000
2000  335   1822766       7.40       1.69      -3.20       5.09      479.0        5.1    2.29197      0.031    0.00000
2000  335   5369516       7.68       2.11      -6.14       3.10      493.7        4.4    2.07806      0.437    0.00000
2000  335   9010947       7.33       2.24      -6.23       0.83      480.1        6.5    2.91978      0.968    0.00000
2000  335  12562261       6.65       3.45      -3.79       0.72      489.7        4.9    2.30080      0.715    0.00000
2000  335  16202851       6.26       3.49      -4.06       1.54      461.7        4.7    1.95660      0.375    0.00000
2000  335  19762539       5.92       3.48      -3.43       2.30      465.0        4.8    2.03471      0.159    0.00000
2000  335  23404738       5.79       2.18      -4.09       2.14      458.9        3.6    1.46521      0.221    0.00000
2000  335  27042011       6.12      -0.59      -5.47       0.49      468.5        4.0    1.69925      0.726    0.00000
2000  335  30608769       5.38      -1.13      -4.59      -2.04      486.8        3.5    1.59555      1.389    0.99484
2000  335  37788386       3.84       0.80      -2.77      -1.39      496.0        3.4    1.60616      0.764    0.69019
2000  335  44977230       4.14       2.59      -2.78      -0.36      458.2        2.4    0.98116      0.497    0.16390
2000  335  48623289       3.72       2.19      -2.59      -0.49      456.2        3.3    1.31669      0.443    0.22334
2000  335  52170679       3.66       2.28      -2.56      -0.03      465.4        3.1    1.28831      0.319    0.01610
2000  335  55818886       4.14       1.00      -3.50      -1.28      480.6        3.4    1.53286      0.740    0.61336
2000  335  59368332       4.36       1.83      -2.77       1.00      481.9        4.5    2.04584      0.199    0.00000
2000  335  63023914       5.06       1.08      -3.44       2.10      502.3        4.7    2.30357      0.147    0.00000
2000  335  66555984       5.79       3.96      -3.37      -0.84      462.9        5.0    2.07639      1.196    0.39066
2000  335  70211187       6.00       3.75      -3.45       2.02      465.0        5.5    2.29524      0.204    0.00000
2000  335  73756359       6.12       3.40      -4.67       0.17      452.9        4.4    1.73585      0.785    0.00000
2000  335  77399273       6.08       4.04      -4.37      -0.34      442.9        4.0    1.52481      0.949    0.15089
2000  335  84603546       5.79       3.12      -3.73       0.41      466.9        4.4    1.86733      0.619    0.00000
2000  336   1844827       5.26       4.21       0.06       2.78      510.8        2.8    1.42147      0.000    0.00000
