             Wind MFI and SWE Data, 1 minute resolution, GSE coordinates
Year  DOY  millisecs       B          Bx         By         Bz        Psw         Pb        Pth    
                           nT         nT         nT         nT        nPa        nPa        nPa    
2011  252    394713       2.47      -0.66       2.37       0.23    1.20378    0.00243    0.00145
2011  252    491404       2.44      -0.73       2.32       0.21    1.20750    0.00237    0.00141
2011  252    590951       2.53      -0.68       2.42       0.20    1.16826    0.00254    0.00143
2011  252    689070       2.50      -0.69       2.39       0.17    1.18015    0.00249    0.00136
2011  252    787189       2.46      -0.57       2.39      -0.13    1.20372    0.00241    0.00147
2011  252    883880       2.48      -0.60       2.40       0.14    1.18882    0.00244    0.00127
2011  252    982034       2.42      -0.89       2.25       0.04    1.19279    0.00233    0.00127
2011  252   1072347       2.44      -0.80       2.30       0.06    1.22415    0.00236    0.00198
2011  252   1181302       2.42      -0.81       2.28       0.08    1.20693    0.00233    0.00133
2011  252   1276355       2.38      -0.97       2.14       0.32    1.21302    0.00225    0.00143
2011  252   1374509       2.33      -1.22       1.97       0.15    1.19907    0.00215    0.00132
2011  252   1472629       2.34      -1.17       2.03      -0.05    1.18078    0.00218    0.00129
2011  252   1570748       2.34      -1.28       1.96      -0.12    1.19413    0.00219    0.00145
2011  252   1668831       2.36      -1.30       1.95      -0.18    1.13583    0.00222    0.00114
2011  252   1766986       2.39      -1.29       1.98       0.16    1.15496    0.00228    0.00118
2011  252   1865104       2.51      -1.22       2.17      -0.29    1.15568    0.00251    0.00126
2011  252   1963224       2.53      -1.18       2.22      -0.27    1.17753    0.00254    0.00125
2011  252   2053536       2.47      -1.22       2.13      -0.24    1.20751    0.00243    0.00182
2011  252   2162527       2.43      -1.31       2.02      -0.29    1.19401    0.00236    0.00141
2011  252   2257581       2.43      -1.40       1.98      -0.16    1.17769    0.00235    0.00127
2011  252   2357092       2.41      -1.40       1.95      -0.01    1.21047    0.00231    0.00125
2011  252   2453783       2.43      -1.40       1.97      -0.11    1.19466    0.00234    0.00117
2011  252   2553330       2.38      -1.29       2.00      -0.16    1.21000    0.00226    0.00128
2011  252   2650021       2.41      -1.37       1.96      -0.27    1.19048    0.00232    0.00116
2011  252   2748140       2.44      -1.29       2.05      -0.32    1.19845    0.00237    0.00120
2011  252   2846259       2.47      -1.25       2.10      -0.32    1.19915    0.00242    0.00120
2011  252   2945806       2.42      -1.18       2.09      -0.30    1.19496    0.00234    0.00122
2011  252   3034691       2.43      -1.20       2.09      -0.27    1.23844    0.00234    0.00174
2011  252   3145110       2.34      -1.16       2.01      -0.27    1.19882    0.00217    0.00120
2011  252   3240163       2.35      -1.33       1.91      -0.32    1.19247    0.00220    0.00124
2011  252   3336854       2.38      -1.49       1.81      -0.40    1.14558    0.00226    0.00117
2011  252   4124908       2.28      -1.51       1.70      -0.24    1.19745    0.00208    0.00124
2011  252   4219960       2.17      -1.40       1.65      -0.15    1.25410    0.00187    0.00125
2011  252   4318080       2.21      -1.42       1.68      -0.22    1.19338    0.00195    0.00117
2011  252   4413132       2.20      -1.43       1.63      -0.34    1.20194    0.00192    0.00120
2011  252   4509578       2.11      -1.35       1.60      -0.29    1.25523    0.00178    0.00122
2011  252   4606304       2.13      -1.40       1.58      -0.31    1.19716    0.00181    0.00117
2011  252   4704423       2.09      -1.40       1.53      -0.21    1.23659    0.00174    0.00126
2011  252   4802541       2.16      -1.30       1.70      -0.27    1.19613    0.00185    0.00118
2011  252   4902054       2.19      -1.28       1.77      -0.13    1.20746    0.00191    0.00121
2011  252   4990975       2.15      -1.41       1.56      -0.41    1.23703    0.00183    0.00174
2011  252   5099964       2.06      -1.16       1.68      -0.07    1.23714    0.00169    0.00119
2011  252   5195018       2.07      -1.18       1.67      -0.24    1.22125    0.00170    0.00113
2011  252   5293137       2.12      -1.27       1.66      -0.34    1.24645    0.00179    0.00133
2011  252   5392648       2.21      -1.36       1.67      -0.48    1.23461    0.00195    0.00138
2011  252   5489374       2.17      -1.35       1.64      -0.41    1.20100    0.00187    0.00123
2011  252   5587494       2.11      -1.28       1.62      -0.40    1.21447    0.00176    0.00129
2011  252   5685612       2.22      -1.41       1.62      -0.57    1.18557    0.00197    0.00123
2011  252   5782198       2.28      -1.53       1.54      -0.67    1.16805    0.00207    0.00117
2011  252   5878608       2.27      -1.42       1.57      -0.80    1.16174    0.00206    0.00114
2011  252   5972164       2.26      -1.48       1.59      -0.62    1.26227    0.00203    0.00196
2011  252   6078088       2.06      -1.39       1.27      -0.83    1.22521    0.00169    0.00121
2011  252   6170076       2.04      -1.36       1.25      -0.82    1.21645    0.00166    0.00121
2011  252   6268194       2.06      -1.42       1.48       0.11    1.33051    0.00169    0.00124
2011  252   6366313       2.08      -1.44       1.48       0.23    1.32102    0.00172    0.00126
2011  252   6464433       2.09      -1.53       1.40       0.20    1.25341    0.00174    0.00114
2011  252   6657604       2.12      -1.50       1.33       0.67    1.27962    0.00179    0.00118
2011  252   6757256       2.16      -1.50       1.38       0.72    1.27765    0.00185    0.00115
2011  252   6853842       2.31      -1.66       1.57      -0.01    1.26151    0.00213    0.00117
2011  252   6945829       2.52      -1.84       1.63      -0.52    1.29259    0.00252    0.00146
2011  252   7053146       2.58      -1.87       1.77      -0.22    1.22506    0.00266    0.00110
2011  252   7149732       2.52      -1.87       1.69      -0.13    1.27380    0.00253    0.00115
2011  252   7247852       2.55      -1.85       1.74      -0.08    1.30007    0.00258    0.00115
2011  252   7347503       2.52      -1.83       1.74       0.05    1.28583    0.00254    0.00125
2011  252   7444089       2.54      -1.76       1.81      -0.04    1.23980    0.00257    0.00106
2011  252   7542891       2.57      -1.71       1.88      -0.36    1.24717    0.00262    0.00110
2011  252   7641860       2.11      -1.29       1.67       0.01    1.35097    0.00178    0.00120
2011  252   7738447       1.56      -0.97       1.20       0.05    1.66451    0.00097    0.00167
2011  252   7833359       1.43      -1.07       0.86      -0.39    1.61469    0.00082    0.00166
2011  252   7922279       1.89      -1.16       1.15       0.87    1.40471    0.00142    0.00165
2011  252   8031271       2.14      -1.26       1.27       1.15    1.39097    0.00182    0.00127
2011  252   8129249       1.77      -0.85       0.96       1.18    1.59229    0.00125    0.00146
2011  252   8225835       1.74      -0.88       0.89       1.20    1.58912    0.00121    0.00146
2011  252   8325488       1.40      -0.76       0.39      -0.17    1.83087    0.00078    0.00151
2011  252   8415940       1.41      -0.57      -0.01      -1.29    1.71205    0.00079    0.00133
2011  252   8520333       1.29      -0.51       0.01      -1.18    1.79926    0.00066    0.00140
2011  252   8618451       1.20      -0.55       0.06      -1.06    1.82320    0.00057    0.00144
2011  252   8716571       1.12      -0.39       0.21      -1.02    1.87456    0.00050    0.00149
2011  252   8814549       1.34      -0.26       0.13      -1.30    1.74380    0.00071    0.00132
2011  252   8903469       1.04      -0.26       0.34      -0.91    1.96689    0.00043    0.00198
2011  252   9009254       1.06      -0.07       0.68      -0.78    1.91588    0.00045    0.00148
2011  252   9110438       1.19      -0.08       0.56      -1.03    1.88590    0.00056    0.00144
2011  252   9208558       1.31      -0.00       0.51      -1.20    1.85824    0.00068    0.00138
2011  252   9305144       1.29       0.11       0.47      -1.15    1.86563    0.00066    0.00138
2011  252   9401730       1.05       0.51       0.67      -0.62    1.80381    0.00044    0.00173
2011  252   9496783       1.23       0.74       0.21      -0.95    1.77355    0.00060    0.00161
2011  252   9594900       1.27       0.85      -0.11      -0.92    1.77308    0.00064    0.00168
2011  252   9693020       1.38       0.98      -0.34      -0.90    1.82960    0.00076    0.00170
2011  252   9785006       1.43       1.10      -0.55      -0.72    1.76413    0.00082    0.00152
2011  252   9878526       1.49       1.23      -0.68      -0.49    1.79486    0.00088    0.00203
2011  252   9984311       1.51       1.12      -0.80      -0.61    1.79210    0.00091    0.00171
2011  252  10085497       1.55       1.18      -0.83      -0.01    1.76878    0.00096    0.00160
2011  252  10177483       1.61       1.20      -1.03       0.22    1.83768    0.00103    0.00170
2011  252  10275601       1.78       1.29      -0.85       0.86    1.78454    0.00127    0.00176
2011  252  10373720       1.85       1.41      -0.70       0.97    1.74183    0.00137    0.00179
2011  252  10471839       2.02       1.62      -0.73       0.95    1.64259    0.00162    0.00155
2011  252  10569958       1.86       1.15      -1.16       0.82    1.82159    0.00138    0.00168
2011  252  10668078       1.80       1.20      -1.09       0.76    1.76058    0.00130    0.00165
2011  252  10772330       1.85       1.28      -1.12       0.70    1.79300    0.00135    0.00174
2011  252  10859716       1.82       1.34      -1.17       0.25    1.76117    0.00132    0.00214
2011  252  10965500       1.86       1.37      -1.23       0.00    1.66008    0.00138    0.00164
2011  252  11063620       1.89       1.29      -1.24       0.59    1.81425    0.00142    0.00149
2011  252  11155607       1.82       1.27      -1.21       0.46    1.82241    0.00131    0.00156
2011  252  11253725       1.77       1.32      -1.15       0.18    1.94712    0.00125    0.00173
2011  252  11351985       1.64       1.11      -1.15      -0.29    1.91156    0.00107    0.00167
2011  252  11449963       1.83       1.31      -1.03       0.68    1.85615    0.00134    0.00157
2011  252  11837840       1.82       1.25      -0.79       1.05    1.88189    0.00131    0.00196
2011  252  11943624       1.66       1.20      -0.79       0.78    1.89779    0.00110    0.00169
2011  252  12038677       1.49       1.09      -0.94      -0.37    1.90658    0.00088    0.00171
2011  252  12136796       1.30       0.91      -0.81      -0.42    1.87677    0.00067    0.00161
2011  252  12234916       1.04       0.71      -0.57      -0.47    1.96043    0.00043    0.00182
2011  252  12333035       1.17       0.72      -0.82      -0.43    1.87947    0.00055    0.00180
2011  252  12431154       1.48       0.88      -0.91      -0.73    1.88915    0.00087    0.00161
2011  252  12529273       1.25       0.82      -0.80      -0.41    1.87606    0.00062    0.00170
2011  252  12627391       1.06       0.69      -0.80       0.02    1.86609    0.00045    0.00176
2011  252  12725510       1.42       1.00      -0.70      -0.61    1.89766    0.00080    0.00165
2011  252  12819170       1.29       1.11      -0.47      -0.44    2.01952    0.00066    0.00240
2011  252  12928023       1.32       0.96      -0.70      -0.56    1.82986    0.00069    0.00156
2011  252  13219172       1.47       0.90      -0.51      -1.01    1.87733    0.00086    0.00172
2011  252  13317291       1.41       0.94      -0.60      -0.83    1.93654    0.00079    0.00187
2011  252  13415411       1.35       1.01      -0.61      -0.60    1.92177    0.00072    0.00188
2011  252  13513670       1.47       1.15      -0.89      -0.08    1.89667    0.00086    0.00178
2011  252  13611649       1.21       0.95      -0.71      -0.05    1.86223    0.00058    0.00175
2011  252  13709767       1.09       0.85      -0.68       0.10    1.88114    0.00048    0.00181
2011  252  13803427       1.25       1.04      -0.63      -0.19    1.93016    0.00062    0.00229
2011  252  13909072       1.40       0.95      -0.55      -0.79    1.87174    0.00078    0.00177
2011  252  14004265       1.17       0.53      -0.40      -0.95    1.92622    0.00055    0.00185
2011  252  14102244       1.40       0.85      -0.32      -1.06    1.88773    0.00078    0.00181
2011  252  14197296       1.45       0.79      -0.29      -1.18    1.87866    0.00083    0.00174
2011  252  14295416       1.57       0.97      -0.35      -1.17    1.90172    0.00098    0.00180
2011  252  14396600       1.58       1.01      -0.50      -1.10    1.89109    0.00099    0.00176
2011  252  14494860       1.64       1.16      -0.58      -1.01    1.87952    0.00108    0.00177
2011  252  14592979       1.74       0.88      -0.67      -1.31    1.84688    0.00121    0.00166
2011  252  14690958       1.50       0.16      -0.26      -1.36    1.75739    0.00090    0.00163
2011  252  14784478       1.51       0.48      -0.38      -1.36    1.91418    0.00091    0.00227
2011  252  14890262       1.73       0.47      -0.54      -1.56    1.82082    0.00119    0.00173
2011  252  14985315       2.07       0.68      -0.74      -1.81    1.78355    0.00171    0.00140
2011  252  15083433       1.94       0.69      -0.66      -1.69    1.81005    0.00150    0.00156
2011  252  15181552       1.88       0.72      -0.55      -1.62    1.89549    0.00140    0.00175
2011  252  15279671       1.84       0.67      -0.75      -1.53    1.81375    0.00134    0.00163
2011  252  15377791       1.51       0.21      -0.86      -1.15    1.87281    0.00091    0.00159
2011  252  15482041       1.46       0.34      -0.78      -1.05    1.94704    0.00085    0.00228
2011  252  15571103       1.47      -0.97      -0.66      -0.86    1.81120    0.00086    0.00180
2011  252  15675355       1.34      -1.12      -0.45      -0.58    1.80923    0.00072    0.00196
2011  252  15762602       1.36      -1.21      -0.21      -0.54    1.86165    0.00073    0.00255
2011  252  15866993       1.41      -1.35       0.06      -0.33    1.80455    0.00079    0.00210
2011  252  15971246       1.41      -1.19      -0.10      -0.75    1.76936    0.00080    0.00196
2011  252  16070898       1.49      -0.90      -0.19      -1.11    1.77757    0.00089    0.00172
2011  252  16169016       1.50      -0.62      -0.32      -1.32    1.79826    0.00089    0.00173
2011  252  16267135       1.51      -0.56      -0.26      -1.37    1.78451    0.00090    0.00166
2011  252  16564417       1.65       0.88      -0.53      -1.29    1.82386    0.00109    0.00185
2011  252  16661003       1.79       0.58      -0.61      -1.52    1.79104    0.00128    0.00155
2011  252  16749923       2.07       0.42      -0.65      -1.91    1.77282    0.00170    0.00177
2011  252  16854316       2.00       0.34      -0.56      -1.89    1.73272    0.00160    0.00133
2011  252  16956894       1.97       0.38      -0.56      -1.84    1.74777    0.00154    0.00144
2011  252  17055414       2.02       0.57      -0.60      -1.84    1.76086    0.00163    0.00138
2011  252  17152732       2.03       0.54      -0.80      -1.78    1.80413    0.00164    0.00144
2011  252  17251251       2.03       0.31      -0.77      -1.84    1.75235    0.00163    0.00135
2011  252  17349371       2.07       0.50      -0.71      -1.88    1.78421    0.00171    0.00146
2011  252  17447490       2.06       0.42      -0.73      -1.88    1.76926    0.00169    0.00140
2011  252  17545609       2.06       0.39      -0.79      -1.86    1.75726    0.00169    0.00144
2011  252  17643728       2.03       0.47      -0.75      -1.82    1.80471    0.00164    0.00150
2011  252  17731115       2.05       0.35      -0.71      -1.89    1.78226    0.00168    0.00185
2011  252  17836900       1.98       0.20      -0.74      -1.83    1.76856    0.00156    0.00146
2011  252  17938083       2.02       0.34      -0.70      -1.86    1.76003    0.00162    0.00140
2011  252  18036203       2.04       0.34      -0.69      -1.89    1.76998    0.00166    0.00142
2011  252  18134322       1.97       0.14      -0.68      -1.83    1.83475    0.00154    0.00162
2011  252  18232441       1.92       0.73      -0.38      -1.72    1.82258    0.00147    0.00149
2011  252  18324427       1.87       0.90      -0.25      -1.61    1.87308    0.00139    0.00158
2011  252  18422546       1.85       0.96      -0.17      -1.57    1.86307    0.00136    0.00156
2011  252  18520666       1.90       0.89      -0.20      -1.66    1.83535    0.00144    0.00156
2011  252  18618785       1.88       0.96      -0.41      -1.56    1.82781    0.00141    0.00154
2011  252  18818089       1.90       0.78      -0.44      -1.68    1.83114    0.00144    0.00152
2011  252  18919275       1.92       0.58      -0.50      -1.75    1.75291    0.00147    0.00135
2011  252  19011261       1.98       0.47      -0.40      -1.87    1.85072    0.00156    0.00152
2011  252  19115513       2.00       0.45      -0.45      -1.90    1.78192    0.00159    0.00144
2011  252  19213632       2.02       0.46      -0.49      -1.91    1.82710    0.00163    0.00154
2011  252  19311751       2.05       0.46      -0.66      -1.88    1.84741    0.00168    0.00151
2011  252  19409871       2.06       0.40      -0.73      -1.87    1.80655    0.00169    0.00146
2011  252  19505064       2.00       0.03      -0.57      -1.92    1.77064    0.00160    0.00139
2011  252  19606109       2.09       0.33      -0.55      -1.99    1.79063    0.00174    0.00142
2011  252  19693496       2.06       0.27      -0.60      -1.95    1.84444    0.00169    0.00194
2011  252  19799281       2.02       0.09      -0.63      -1.92    1.79229    0.00163    0.00138
2011  252  19899074       2.02       0.24      -0.53      -1.93    1.79861    0.00162    0.00149
2011  252  19997191       2.09       0.25      -0.41      -2.02    1.75561    0.00174    0.00141
2011  252  20095169       1.75       0.18      -0.50      -1.67    1.77690    0.00122    0.00170
2011  252  20193289       1.73       0.26      -0.50      -1.63    1.77585    0.00119    0.00172
2011  252  20290015       1.91      -0.23      -0.57      -1.79    1.73260    0.00145    0.00146
2011  252  20388134       2.05      -0.29      -0.69      -1.91    1.70938    0.00168    0.00144
2011  252  20487646       1.91      -0.22      -0.75      -1.74    1.72004    0.00145    0.00158
2011  252  20584373       1.79      -0.18      -0.64      -1.66    1.75717    0.00128    0.00167
2011  252  20674685       1.78      -0.16      -0.69      -1.63    1.79109    0.00126    0.00211
2011  252  20783677       1.94      -0.30      -0.63      -1.80    1.70050    0.00149    0.00155
2011  252  20878730       1.93      -0.56      -0.58      -1.76    1.74486    0.00149    0.00165
2011  252  20976849       2.03      -0.56      -0.69      -1.82    1.72698    0.00163    0.00159
2011  252  21074968       2.15      -0.46      -0.76      -1.95    1.67871    0.00183    0.00164
2011  252  21174480       2.16      -0.58      -0.67      -1.96    1.63004    0.00185    0.00143
2011  252  21272740       2.08      -0.54      -0.73      -1.87    1.72639    0.00171    0.00160
2011  252  21370718       2.07      -0.60      -0.80      -1.81    1.77011    0.00171    0.00162
2011  252  21467445       2.11      -0.38      -1.00      -1.77    1.77866    0.00177    0.00138
2011  252  21566957       2.05      -0.19      -1.10      -1.72    1.80287    0.00168    0.00149
2011  252  21655876       2.04      -0.15      -1.14      -1.69    1.79991    0.00166    0.00195
2011  252  21764869       2.04       0.02      -1.29      -1.57    1.80565    0.00165    0.00149
2011  252  21859921       2.02       0.13      -1.38      -1.47    1.84728    0.00163    0.00144
2011  252  21958041       2.00       0.12      -1.39      -1.44    1.86850    0.00160    0.00143
2011  252  22056158       1.97       0.10      -1.43      -1.35    1.83928    0.00155    0.00145
2011  252  22154277       1.96       0.05      -1.45      -1.31    1.84459    0.00153    0.00145
2011  252  22252396       1.99       0.18      -1.43      -1.37    1.85792    0.00157    0.00148
2011  252  22350515       1.95       0.20      -1.39      -1.35    1.82702    0.00152    0.00142
2011  252  22448634       1.92       0.17      -1.32      -1.38    1.86098    0.00147    0.00147
2011  252  22546753       1.83       0.04      -1.28      -1.31    1.85654    0.00133    0.00154
2011  252  22637066       1.82       0.16      -1.32      -1.23    1.95402    0.00131    0.00211
2011  252  22746058       1.84       0.22      -1.35      -1.23    1.86975    0.00135    0.00149
2011  252  22841111       1.92       0.33      -1.36      -1.31    1.84644    0.00146    0.00145
2011  252  22938142       1.88       0.03      -1.39      -1.26    1.80923    0.00141    0.00138
2011  252  23037349       1.89       0.04      -1.42      -1.25    1.83508    0.00143    0.00139
2011  252  23135468       1.88      -0.01      -1.46      -1.18    1.85060    0.00140    0.00142
2011  252  23233587       1.87      -0.03      -1.50      -1.12    1.83161    0.00140    0.00141
2011  252  23331707       1.84      -0.18      -1.47      -1.08    1.83262    0.00135    0.00144
2011  252  23429826       1.83      -0.21      -1.47      -1.07    1.82191    0.00134    0.00144
2011  252  23526412       1.79      -0.65      -1.42      -0.79    1.79078    0.00127    0.00157
2011  252  23618257       1.80      -1.01      -1.37      -0.58    1.80679    0.00129    0.00198
2011  252  23727249       1.84      -1.11      -1.42      -0.39    1.75355    0.00135    0.00156
2011  252  23822302       1.73      -1.01      -1.32      -0.45    1.76802    0.00119    0.00165
2011  252  23918888       1.70      -0.81      -1.42      -0.44    1.79031    0.00115    0.00167
2011  252  24017007       1.66      -0.87      -1.35      -0.41    1.80666    0.00110    0.00171
2011  252  24116658       1.64      -0.76      -1.39      -0.43    1.76959    0.00107    0.00162
2011  252  24214777       1.63      -0.55      -1.45      -0.50    1.82517    0.00105    0.00163
2011  252  24312896       1.47      -0.47      -1.28      -0.52    1.83601    0.00087    0.00160
2011  252  24411015       1.44      -0.58      -1.30      -0.21    1.79567    0.00083    0.00159
2011  252  24509134       1.34      -0.54      -1.21      -0.02    1.86133    0.00072    0.00180
2011  252  24599447       1.65      -0.51      -1.54      -0.03    1.91323    0.00108    0.00206
2011  252  24708439       1.64      -0.27      -1.50      -0.52    1.91260    0.00108    0.00179
2011  252  24803492       1.65       0.45      -0.57      -0.94    2.06261    0.00108    0.00201
2011  252  24901611       1.67       0.90      -0.09      -1.33    1.90087    0.00111    0.00162
2011  252  25001263       1.73       0.69      -0.50      -1.51    1.95408    0.00120    0.00172
2011  252  25097849       1.58       0.40      -1.07      -1.09    1.93974    0.00099    0.00164
2011  252  25197361       1.49       0.40      -1.07      -0.95    1.99337    0.00089    0.00170
2011  252  25295480       1.45       0.25      -1.12      -0.88    1.96645    0.00084    0.00164
2011  252  25389140       1.44       0.24      -0.96      -1.03    2.00874    0.00082    0.00183
2011  252  25487259       1.39      -0.01      -1.06      -0.85    1.90703    0.00077    0.00160
2011  252  25577572       1.42       0.25      -1.20      -0.69    2.00474    0.00080    0.00216
2011  252  25681824       1.37       0.13      -1.06      -0.76    1.96809    0.00074    0.00173
2011  252  25781617       1.57      -0.27      -1.33      -0.70    1.98272    0.00098    0.00190
2011  252  25881128       1.60       0.20      -1.25      -0.91    1.93175    0.00102    0.00178
2011  252  25979248       1.62      -0.07      -1.28      -0.95    1.76116    0.00104    0.00147
2011  252  26078900       1.53       0.36      -1.19      -0.85    1.91521    0.00094    0.00162
2011  252  26174093       1.59      -0.22      -1.31      -0.81    1.82559    0.00100    0.00157
2011  252  26272212       1.71      -0.66      -1.39      -0.72    1.79537    0.00116    0.00150
2011  252  26368798       1.81      -1.06      -1.30      -0.65    1.74051    0.00130    0.00156
2011  252  26466916       1.76      -1.10      -1.27      -0.49    1.69902    0.00123    0.00156
2011  252  26557228       1.59      -0.97      -1.18      -0.37    1.72391    0.00101    0.00199
2011  252  26666220       1.37      -0.87      -0.95      -0.38    1.76045    0.00074    0.00166
2011  252  26761132       1.67      -1.28      -0.88      -0.57    1.68350    0.00111    0.00164
2011  252  26859392       1.49      -0.99      -0.88      -0.62    1.78384    0.00088    0.00190
2011  252  26957511       1.33      -0.76      -0.86      -0.67    1.76405    0.00071    0.00161
2011  252  27054097       1.42      -1.12      -0.71      -0.45    1.76498    0.00081    0.00198
2011  252  27152216       1.41      -1.33      -0.35      -0.22    1.70758    0.00079    0.00203
2011  252  27251869       1.39      -1.10      -0.55      -0.35    1.70511    0.00076    0.00169
2011  252  27348455       1.62      -1.17      -0.68      -0.65    1.74297    0.00104    0.00209
2011  252  27447966       1.72      -1.28      -1.00      -0.54    1.85897    0.00118    0.00206
2011  252  27538419       1.76      -1.38      -0.98      -0.45    1.83996    0.00123    0.00222
2011  252  27647271       1.73      -1.28      -1.09      -0.38    1.80986    0.00119    0.00193
2011  252  27740931       1.76      -1.36      -1.05      -0.22    1.79678    0.00123    0.00198
2011  252  27840583       1.74      -1.18      -1.09      -0.41    1.78078    0.00120    0.00185
2011  252  27938562       1.77      -1.32      -1.08      -0.41    1.80741    0.00124    0.00197
2011  252  28036681       1.89      -1.32      -1.24      -0.54    1.75124    0.00142    0.00173
2011  252  28133408       1.96      -1.51      -1.06      -0.62    1.73750    0.00152    0.00180
2011  252  28231527       2.01      -1.51      -1.02      -0.85    1.72810    0.00161    0.00182
2011  252  28329646       1.97      -1.53      -0.91      -0.85    1.70548    0.00155    0.00169
2011  252  28429298       1.86      -1.24      -1.07      -0.86    1.87502    0.00137    0.00187
2011  252  28519609       1.83      -1.24      -1.20      -0.62    1.87254    0.00133    0.00212
2011  252  28628601       1.81      -1.21      -1.23      -0.50    1.85138    0.00130    0.00184
2011  252  28723513       1.85      -1.07      -1.31      -0.76    1.90021    0.00137    0.00188
2011  252  28821632       1.92      -1.00      -1.39      -0.85    1.74830    0.00147    0.00163
2011  252  28918359       2.03      -1.50      -1.22      -0.58    1.72897    0.00163    0.00187
2011  252  29016478       1.97      -1.38      -1.25      -0.59    1.90682    0.00155    0.00235
2011  252  29114599       1.99      -1.20      -1.43      -0.62    1.76815    0.00157    0.00180
2011  252  29212716       2.00      -1.35      -1.26      -0.75    1.68719    0.00159    0.00164
2011  252  29310835       2.03      -1.22      -1.42      -0.76    1.68906    0.00163    0.00163
2011  252  29408955       1.95      -1.23      -1.36      -0.68    1.70212    0.00151    0.00170
2011  252  29500800       1.93      -1.23      -1.33      -0.66    1.71891    0.00148    0.00198
2011  252  29608259       1.92      -1.30      -1.22      -0.70    1.75088    0.00146    0.00185
2011  252  29703312       1.85      -1.24      -1.14      -0.74    1.64944    0.00136    0.00158
2011  252  29801431       1.89      -1.34      -1.11      -0.72    1.63617    0.00141    0.00164
2011  252  29899550       1.99      -1.37      -1.31      -0.59    1.61278    0.00157    0.00167
2011  252  29997669       1.87      -1.07      -1.34      -0.71    1.62554    0.00139    0.00165
2011  252  30095789       1.76      -0.42      -1.31      -1.07    1.71525    0.00123    0.00199
2011  252  30195300       1.77       0.16      -1.06      -1.35    1.63827    0.00125    0.00151
2011  252  30292027       1.83      -0.44      -1.30      -1.10    1.66272    0.00133    0.00179
2011  252  30390146       2.02      -1.77      -0.78      -0.14    1.49436    0.00162    0.00157
2011  252  30480599       2.17      -2.06      -0.63       0.08    1.48859    0.00187    0.00186
2011  252  30589451       2.18      -2.15      -0.23       0.25    1.59090    0.00190    0.00188
2011  252  30684503       2.11      -2.01      -0.32       0.53    1.64459    0.00177    0.00212
2011  252  30782623       2.13      -2.08      -0.34       0.19    1.54576    0.00180    0.00163
2011  252  30880742       2.16      -2.05      -0.36       0.48    1.59382    0.00186    0.00186
2011  252  30978861       2.26      -1.90      -0.61       1.04    1.59075    0.00204    0.00188
2011  252  31076980       2.36      -1.68      -1.17       1.03    1.35794    0.00221    0.00148
2011  252  31175099       2.50      -2.20      -0.28       1.05    1.46038    0.00249    0.00199
2011  252  31273216       2.31      -2.02       0.02       1.10    1.61912    0.00212    0.00198
2011  252  31371335       2.21      -1.99      -0.02       0.91    1.65938    0.00194    0.00199
2011  252  31461789       2.18      -2.07      -0.35       0.58    1.67827    0.00189    0.00218
2011  252  31570640       2.08      -1.99      -0.31       0.48    1.67347    0.00171    0.00196
2011  252  31665693       1.86      -1.83      -0.24       0.17    1.57362    0.00137    0.00198
2011  252  31763812       1.92      -1.86      -0.38       0.14    1.53624    0.00147    0.00184
2011  252  31863464       2.02      -1.76      -0.62       0.30    1.48427    0.00163    0.00167
2011  252  31960050       2.07      -1.60      -0.25      -0.24    1.38939    0.00170    0.00122
2011  252  32058169       1.90      -1.79      -0.33       0.02    1.40268    0.00143    0.00159
2011  252  32156289       1.30      -1.13      -0.53      -0.30    1.28823    0.00067    0.00127
2011  252  32254408       1.15      -0.97      -0.56      -0.24    1.34457    0.00053    0.00144
2011  252  32352527       1.55      -1.32      -0.79      -0.06    1.35362    0.00095    0.00134
2011  252  32442980       1.82      -1.55      -0.93      -0.09    1.15222    0.00132    0.00124
2011  252  32551832       1.87      -1.46      -1.10      -0.36    1.19751    0.00139    0.00114
2011  252  32646884       1.81      -1.48      -1.00       0.04    1.20054    0.00131    0.00113
2011  252  32745003       1.87      -1.49      -1.13      -0.06    1.17568    0.00140    0.00104
2011  252  32843121       1.61      -1.25      -0.99      -0.14    1.20548    0.00103    0.00117
2011  252  32941242       1.53      -1.17      -0.98      -0.10    1.32905    0.00093    0.00142
2011  252  33039359       1.68      -1.22      -1.16      -0.01    1.34987    0.00112    0.00132
2011  252  33137480       1.41      -1.01      -0.76      -0.60    1.42536    0.00079    0.00157
2011  252  33235597       1.12      -0.82      -0.41      -0.64    1.45500    0.00050    0.00157
2011  252  33333718       1.42      -1.00      -0.70      -0.69    1.31809    0.00080    0.00130
2011  252  33726195       1.47      -1.15      -0.53      -0.67    1.63930    0.00086    0.00170
2011  252  33824312       1.59      -1.23      -0.48      -0.84    1.72132    0.00101    0.00177
2011  252  33922433       1.90      -1.35      -0.44      -1.25    1.69787    0.00143    0.00174
2011  252  34020550       1.92      -1.38      -0.25      -1.31    1.78108    0.00147    0.00178
2011  252  34118671       2.00      -1.49      -0.18      -1.32    1.76934    0.00159    0.00189
2011  252  34216789       1.91      -1.50      -0.55      -1.04    1.76019    0.00145    0.00189
2011  252  34314910       1.93      -1.48      -0.67      -1.02    1.88838    0.00149    0.00217
2011  252  34405363       1.99      -1.39      -1.16      -0.82    1.92540    0.00157    0.00244
2011  252  34514214       1.95      -1.33      -1.16      -0.82    1.80141    0.00151    0.00193
2011  252  34609265       1.93      -1.31      -1.03      -0.93    1.80915    0.00149    0.00200
2011  252  34707382       2.02      -1.47      -0.84      -1.09    1.82750    0.00163    0.00198
2011  252  34805503       2.07      -1.59      -0.57      -1.14    1.97125    0.00171    0.00236
2011  252  34903625       2.03      -1.64      -0.65      -0.99    1.99952    0.00164    0.00236
2011  252  35004808       2.50      -2.05      -1.42      -0.13    2.23572    0.00248    0.00283
2011  252  35102925       2.47      -1.99      -1.43      -0.28    2.25307    0.00243    0.00289
2011  252  35201046       2.52      -1.97      -1.49      -0.49    2.24375    0.00253    0.00268
2011  252  35299164       2.01      -1.58      -1.13      -0.50    1.99924    0.00161    0.00224
2011  252  35391011       1.97      -1.44      -1.20      -0.58    1.95465    0.00155    0.00252
2011  252  35498468       2.02      -1.43      -1.30      -0.58    2.04006    0.00162    0.00228
2011  252  35593523       2.02      -1.43      -1.31      -0.57    2.02077    0.00162    0.00223
2011  252  35693171       2.02      -1.38      -1.35      -0.60    2.04799    0.00163    0.00229
2011  252  35791296       2.04      -1.35      -1.38      -0.64    2.06736    0.00165    0.00228
2011  252  35889414       2.11      -1.46      -1.37      -0.66    2.28947    0.00178    0.00267
2011  252  35987531       2.06      -1.43      -1.38      -0.47    2.28611    0.00168    0.00260
2011  252  36085652       1.92      -1.10      -1.52       0.23    2.21962    0.00147    0.00244
2011  252  36183769       2.06      -1.05      -1.75       0.09    2.14107    0.00169    0.00219
2011  252  36281890       2.06      -1.28      -1.61      -0.09    2.12819    0.00170    0.00218
2011  252  36373738       2.13      -1.47      -1.51      -0.25    2.33230    0.00180    0.00388
2011  252  36484257       2.09      -1.38      -1.55      -0.02    2.47439    0.00174    0.00287
2011  252  36579316       2.01      -1.33      -1.45      -0.28    2.52719    0.00161    0.00281
2011  252  36678964       1.90      -1.35      -1.21      -0.47    2.49741    0.00144    0.00289
2011  252  36777085       1.94      -1.44      -1.12      -0.61    2.59044    0.00149    0.00301
2011  252  36873671       2.02      -1.57      -1.14      -0.56    2.55688    0.00162    0.00292
2011  252  36973324       1.95      -1.34      -1.23      -0.65    2.66810    0.00151    0.00348
2011  252  37071441       1.91      -1.05      -1.35      -0.83    2.71980    0.00145    0.00319
2011  252  37169562       1.92      -1.15      -1.31      -0.78    2.78615    0.00146    0.00337
2011  252  37267679       1.93      -1.26      -1.26      -0.73    2.81227    0.00148    0.00350
2011  252  37357996       1.93      -0.93      -1.24      -1.13    3.05472    0.00148    0.00465
2011  252  37463777       1.95      -1.45      -1.20      -0.39    3.08944    0.00152    0.00514
2011  252  37558828       1.96      -1.50      -1.04      -0.65    3.11707    0.00153    0.00465
2011  252  37657089       1.94      -1.50      -0.94      -0.75    3.21910    0.00150    0.00481
2011  252  37755207       2.02      -1.73      -0.81      -0.63    3.47673    0.00163    0.00575
2011  252  37850261       1.98      -1.67      -0.84      -0.60    3.50784    0.00155    0.00548
2011  252  37951449       2.04      -1.63      -1.02      -0.65    3.47336    0.00165    0.00497
2011  252  38052492       1.87      -1.64      -0.64      -0.58    3.57870    0.00139    0.00593
2011  252  38150749       1.64      -1.42      -0.51      -0.59    3.42668    0.00107    0.00543
2011  252  38248871       1.56      -1.39      -0.35      -0.61    3.41370    0.00097    0.00530
2011  252  38342390       1.60      -1.30      -0.22      -0.77    3.45659    0.00102    0.00599
2011  252  38448035       1.77      -1.70      -0.39      -0.19    3.85157    0.00125    0.00786
2011  252  38543085       1.75      -1.58      -0.38      -0.59    3.52556    0.00121    0.00549
2011  252  38641207       1.84      -1.61      -0.59      -0.54    3.59774    0.00135    0.00566
2011  252  38739324       2.16      -1.67      -1.34      -0.14    3.98300    0.00186    0.00637
2011  252  38837445       2.31      -1.69      -1.57       0.10    4.01445    0.00213    0.00615
2011  252  38935562       1.96      -1.50      -1.16       0.39    3.85110    0.00153    0.00544
2011  252  39033683       1.82      -1.39      -0.97       0.60    3.68542    0.00132    0.00568
2011  252  39131800       1.87      -1.37      -1.09       0.65    3.63226    0.00140    0.00553
2011  252  39230062       1.89      -1.41      -1.05       0.60    3.70175    0.00142    0.00601
2011  252  39323406       1.75      -1.12      -1.31       0.11    3.82517    0.00122    0.00579
2011  252  39429191       2.02      -1.02      -1.60      -0.62    3.77297    0.00163    0.00502
2011  252  39524417       2.02      -1.18      -1.53      -0.25    3.86164    0.00162    0.00535
2011  252  39622539       1.76      -1.11      -1.35       0.05    4.03929    0.00123    0.00571
2011  252  39720656       1.80      -1.15      -1.35       0.28    4.08330    0.00129    0.00581
2011  252  39818777       1.86      -1.14      -1.34       0.57    4.19780    0.00137    0.00622
2011  252  39916894       2.04      -1.38      -1.37       0.54    4.12797    0.00166    0.00563
2011  252  40015015       1.98      -1.53      -1.17       0.30    4.28080    0.00156    0.00629
2011  252  40112957       1.99      -1.70      -0.93       0.39    4.44149    0.00157    0.00635
2011  252  40211253       2.07      -1.90      -0.76       0.24    4.50623    0.00171    0.00638
2011  252  40304773       2.28      -1.92      -1.13       0.13    4.61980    0.00208    0.00730
2011  252  40410558       2.44      -1.75      -1.55       0.61    4.66417    0.00237    0.00645
2011  252  40505609       2.43      -1.89      -1.42       0.49    4.77856    0.00234    0.00720
2011  252  40603730       2.37      -2.04      -1.07       0.47    4.78064    0.00224    0.00695
2011  252  40701847       2.71      -2.18      -1.49       0.59    4.79032    0.00292    0.00670
2011  252  40799968       2.52      -2.05      -1.24       0.74    4.65699    0.00253    0.00607
2011  252  40898085       2.36      -1.90      -1.27       0.55    4.75822    0.00221    0.00639
2011  252  40996207       2.28      -1.64      -1.51       0.47    4.89139    0.00207    0.00681
2011  252  41094324       2.35      -1.71      -1.55       0.34    4.83008    0.00219    0.00629
2011  252  41192445       2.39      -1.92      -1.28       0.58    4.76166    0.00227    0.00615
2011  252  41287355       2.36      -1.90      -0.65       1.12    5.12771    0.00222    0.00776
2011  252  41391750       2.42      -1.88       0.15       1.47    5.53517    0.00233    0.00744
2011  252  41486625       2.55      -1.98       0.59       1.44    6.14601    0.00260    0.00869
2011  252  41587808       3.16      -2.48       0.11       1.76    6.86630    0.00397    0.01209
2011  252  41685929       3.69      -3.19       0.78       1.55    7.08031    0.00543    0.01178
2011  252  41784046       3.92      -3.10       0.21       2.31    6.23669    0.00612    0.00890
2011  252  41882167       3.99      -3.18       0.31       2.25    7.90748    0.00633    0.01494
2011  252  41980289       4.08      -2.84      -0.69       2.72    7.37194    0.00663    0.01275
2011  252  42078441       4.29      -3.06      -0.40       2.92    6.34941    0.00732    0.00759
2011  252  42176558       4.16      -2.90      -0.22       2.93    6.97150    0.00689    0.01066
2011  252  42270046       4.02      -2.73      -0.03       2.86    7.73129    0.00643    0.01654
2011  252  42372761       3.94      -2.41       0.70       2.78    8.67572    0.00616    0.01689
2011  252  42477015       6.98      -2.56       1.27       6.19   16.40116    0.01939    0.03484
2011  252  42569000       7.62      -2.47       1.02       7.00   19.14270    0.02309    0.05337
2011  252  42664089       5.09       0.44       1.80      -3.97   20.03390    0.01030    0.04934
2011  252  42763707       3.52       0.28       0.99      -2.06   22.37109    0.00494    0.05689
2011  252  42858042       6.19       0.16       1.81      -5.41   22.79186    0.01526    0.05656
2011  252  42956878       4.58      -0.52       2.00       3.29   24.15826    0.00835    0.05115
2011  252  43055000       4.44      -0.87      -1.10       4.17   25.54357    0.00785    0.05107
2011  252  43153117       5.37      -0.77      -3.68       3.47   27.00541    0.01146    0.06844
2011  252  43257367       5.21      -0.38      -3.56       3.29   26.81996    0.01079    0.06813
2011  252  43352421       3.50      -1.68      -2.19       0.93   26.63295    0.00487    0.05813
2011  252  43447476       7.47      -2.42       4.12       2.54   26.01386    0.02222    0.07268
2011  252  43545593       7.26       0.24       2.74       4.57   28.65070    0.02098    0.05690
2011  252  43645246      10.04       2.56      -7.00       1.41   26.34146    0.04007    0.04653
2011  252  43741113      16.67       1.62     -14.78      -7.35   19.18371    0.11052    0.05335
2011  252  43841449      16.56      -0.40     -11.99     -10.84   20.01817    0.10916    0.04897
2011  252  43938882      21.14      -1.94      -4.03     -20.64   14.60874    0.17787    0.04481
2011  252  44035472      21.63      -0.91      -2.10     -21.45   12.59566    0.18623    0.03183
2011  252  44138906      20.32       1.38      -0.28     -19.92   12.15708    0.16426    0.05539
2011  252  44238558      21.28       3.42      -4.32     -20.49    9.59858    0.18010    0.04975
2011  252  44336851      18.12       0.32     -11.08      -7.60   16.12867    0.13061    0.05026
2011  252  44433265      22.32       0.79     -19.78       7.81    6.90027    0.19828    0.03067
2011  252  44534484      22.49       3.53     -21.59      -4.48    5.80342    0.20117    0.06967
2011  252  44629539      22.17       2.88     -19.72      -7.97    6.73888    0.19552    0.07752
2011  252  44727691      22.57       3.18     -17.65     -13.41    5.44199    0.20271    0.05744
2011  252  44825917      18.32       2.34     -17.41       0.38    7.19800    0.13349    0.11356
2011  252  44920828      20.01       3.71     -18.11      -7.56    6.18537    0.15924    0.10528
2011  252  45022156      20.34       4.68     -18.62      -6.52    6.68172    0.16458    0.10416
2011  252  45120273      19.65       2.56     -19.17       1.93    7.62686    0.15370    0.14710
2011  252  45224527      19.41       3.23     -18.68      -2.91    7.16339    0.14997    0.12395
2011  252  45319578      19.48       2.99     -18.09      -6.51    7.11430    0.15094    0.11508
2011  252  45414632      19.83       3.75     -17.76      -7.76    7.13752    0.15640    0.12109
2011  252  45512749      19.51       3.08     -18.44      -5.47    7.01233    0.15142    0.09536
2011  252  45610867      19.45       4.46     -18.77      -1.26    7.06944    0.15050    0.10010
2011  252  45708988      18.93       5.65     -17.29       4.14    7.22957    0.14263    0.10573
2011  252  45806968      20.22       1.83     -19.26      -5.72    7.48916    0.16265    0.13738
2011  252  45905085      19.18       2.44     -18.78      -1.13    7.04334    0.14638    0.09567
2011  252  46003207      17.07       3.10     -16.20       4.04    8.54253    0.11593    0.16574
2011  252  46101464      17.39       5.86      -8.51      13.25    7.60177    0.12031    0.11463
2011  252  46205578      13.38       4.56      -7.66       9.21    9.58746    0.07121    0.16755
2011  252  46300628      16.39       0.71     -12.67      -9.25    6.44088    0.10685    0.11540
2011  252  46395679      18.74       0.73     -11.47     -14.78    7.29550    0.13973    0.16440
2011  252  46493765      19.61      -0.53     -13.36     -14.29    6.99234    0.15294    0.10102
2011  252  46591917      19.21      -0.01     -13.13     -14.00    6.91755    0.14683    0.10051
2011  252  46690039      17.80       0.74      -9.54     -14.11    7.48164    0.12601    0.13542
2011  252  46778960      16.92       0.02      -5.33     -15.97    7.42055    0.11393    0.13449
2011  252  46886277      16.68       1.54      -9.17     -13.77    7.53258    0.11064    0.13763
2011  252  46984429      15.53       5.71      -9.35      -7.46    6.88749    0.09591    0.10597
2011  252  47082515      14.97       6.53     -12.46      -5.07    8.10535    0.08914    0.15555
2011  252  47186765      15.12       6.93     -12.06      -5.88    7.92577    0.09091    0.16730
2011  252  47281820      16.07       6.20     -12.15      -8.42    8.11420    0.10281    0.17078
2011  252  47376871      16.81       3.85     -12.53     -10.46    6.94359    0.11237    0.11403
2011  252  47474992      16.72       2.71     -10.08     -12.62    7.64847    0.11124    0.16606
2011  252  47573144      15.88      -3.86      -5.88     -14.13    6.26763    0.10039    0.10707
2011  252  47671265      15.38      -2.15      -5.90     -13.99    6.72120    0.09417    0.12454
2011  252  47769382      15.16      -1.64      -4.06     -14.47    7.37058    0.09145    0.17379
2011  252  47867503      13.52      -1.31      -3.74     -12.80    7.05584    0.07271    0.14697
2011  252  47965761       5.05      -0.57       0.96      -4.38    9.58253    0.01016    0.23681
2011  252  48063777       4.79       1.34       3.44      -2.55    9.53761    0.00912    0.23363
2011  252  48171058       5.05       2.20       1.39      -3.39    9.34355    0.01016    0.21263
2011  252  48250921       4.13       2.13       1.06       0.46    8.76265    0.00679    0.19246
2011  252  48362730       9.80       4.42       6.41       5.14    8.52400    0.03821    0.18609
2011  252  48647894      17.19       7.46      10.07      11.62    7.23022    0.11757    0.18190
2011  252  48746152      15.38       7.68       8.07      10.51    9.12097    0.09409    0.30263
2011  252  48846445      12.77       0.51       4.68      -0.17    8.21462    0.06491    0.15453
2011  252  48942250      16.25      -3.91     -11.56     -10.02    7.14899    0.10512    0.15920
2011  252  49046675      11.08       2.61      -1.02      -8.45    7.23935    0.04887    0.19587
2011  252  49152425       8.93       4.49       4.66       2.24    7.03155    0.03177    0.19010
2011  252  49250546       9.44       0.27       0.65      -6.70    8.18896    0.03548    0.21636
2011  252  49345421      17.59      -4.53      -7.90     -15.03    6.08051    0.12313    0.12006
2011  252  49426679      15.36      -4.12      -8.38     -11.99    6.03982    0.09384    0.15189
2011  252  49530253      16.05       4.22       5.16      14.57    5.92577    0.10245    0.13892
2011  252  49621558      19.10       3.95      11.57      14.27    3.86680    0.14514    0.08047
2011  252  49733542      15.53       0.02      14.90       2.57    6.02883    0.09600    0.13837
2011  252  49827031      15.31       4.23      13.24       5.53    4.80002    0.09325    0.11755
2011  252  49925042      16.80       5.65       9.17      12.12    3.79048    0.11231    0.07080
2011  252  50023234      18.03       5.90      10.77      13.18    3.73019    0.12939    0.06331
2011  252  50127484      17.64       7.48      11.61      10.75    4.48581    0.12383    0.05208
2011  252  50222539      17.37       6.48      12.68       9.74    5.15465    0.12005    0.05495
2011  252  50317589      17.74       6.34      12.89      10.29    4.80592    0.12522    0.06938
2011  252  50415710      18.62       6.69      12.72      11.78    3.76146    0.13798    0.05095
2011  252  50513863      18.88       4.74      12.28      13.16    3.70039    0.14180    0.03804
2011  252  50611949      19.00       5.00      11.66      14.10    4.07383    0.14363    0.04474
2011  252  50710066      18.74       7.15      12.06      12.10    3.68213    0.13973    0.03015
2011  252  50808046      18.00       8.47      14.22       6.56    4.52128    0.12896    0.05547
2011  252  50901566      18.49       6.97      16.44       4.21    4.80183    0.13603    0.06520
2011  252  51004425      19.58       6.74      17.14       6.33    4.14088    0.15251    0.05357
2011  252  51114773      17.30       5.67      15.44       4.95    4.92422    0.11909    0.08686
2011  252  51196746      17.85       6.75      15.63       5.19    4.28607    0.12676    0.06019
2011  252  51298781      18.30       7.31      15.31       6.72    3.96239    0.13324    0.06053
2011  252  51396898      18.23       4.04      17.04       4.76    4.74236    0.13228    0.09996
2011  252  51499617      19.28       5.99      17.79       4.27    4.30373    0.14797    0.03627
2011  252  51590074      17.95       4.23      15.92       6.60    4.23136    0.12816    0.06872
2011  252  51687339      17.54      11.10      12.09       1.25    4.32341    0.12239    0.07233
2011  252  51784640      18.44      14.70      11.09      -0.84    4.25558    0.13530    0.09251
2011  252  51887320      18.42      14.16      10.99       0.59    4.82021    0.13501    0.14806
2011  252  51996207      19.18      12.78      14.14       1.31    4.07809    0.14634    0.05289
2011  252  52095964      19.53      15.45      11.71       2.32    4.01015    0.15184    0.06684
2011  252  52177863      19.03      14.96      11.43       2.66    3.47609    0.14414    0.05051
2011  252  52275234      18.26      12.11      13.48       1.66    3.93462    0.13264    0.06935
2011  252  52373632      18.56      11.75      14.03       1.21    4.15960    0.13713    0.08489
2011  252  52471121      18.50      12.45      13.38       2.51    4.22295    0.13616    0.08174
2011  252  52584921      18.83      -3.61      17.61      -5.41    4.18905    0.14114    0.06874
2011  252  52666316      18.10      -2.24      16.62      -6.65    4.79948    0.13036    0.08511
2011  252  52767468      20.53      -2.68      18.02      -8.94    3.95150    0.16766    0.04559
2011  252  52870042      22.94      -4.04      19.17     -11.78    3.39718    0.20936    0.04994
2011  252  52972085      23.23      -5.74      18.44     -12.86    3.08142    0.21476    0.03022
2011  252  53075656      21.81      -5.46      16.22     -13.48    3.86710    0.18930    0.05454
2011  252  53165261      21.84      -3.44      14.63     -15.53    3.44461    0.18976    0.04988
2011  252  53251753      19.50      -5.31      11.11     -15.03    3.18035    0.15134    0.03592
2011  252  53359074      20.42       0.17       5.33     -19.56    3.31777    0.16599    0.05623
2011  252  53451910      19.81       0.91       3.92     -15.13    3.66404    0.15621    0.06468
2011  252  53550027      18.09      -0.27      11.90     -13.19    3.41771    0.13019    0.09964
2011  252  53658097      16.49      -0.20       4.67     -15.77    3.48814    0.10825    0.10783
2011  252  53747156      16.52      -0.12       7.70     -14.29    3.12214    0.10853    0.06667
2011  252  53845960      17.47      -0.12      11.08     -13.43    3.11427    0.12143    0.08219
2011  252  53950140      17.34      -0.07       9.54     -14.46    2.95987    0.11969    0.07353
2011  252  54060597      17.86       0.50      11.00     -13.97    2.71860    0.12688    0.05342
2011  252  54138105      18.36       0.21      12.38     -13.34    2.57495    0.13409    0.09556
2011  252  54242320      18.65      -2.66       9.52     -15.51    2.52178    0.13847    0.05500
2011  252  54332808      18.90       0.15      10.73     -15.53    2.55427    0.14213    0.05191
2011  252  54443875      19.17       1.16      14.22     -12.71    2.27154    0.14629    0.03518
2011  252  54536535      19.74       1.29      15.21     -12.44    2.48446    0.15507    0.07063
2011  252  54634796      19.87       1.09      15.33     -12.54    2.07146    0.15704    0.04928
2011  252  54728175      19.80       1.69      16.07     -11.39    2.30053    0.15599    0.06675
2011  252  54833855      19.78       3.72      17.14      -8.84    2.10897    0.15563    0.03608
2011  252  54943667      20.00       4.86      17.97      -7.28    2.25563    0.15914    0.04389
2011  252  55030339      19.79       5.24      16.36      -9.52    2.55224    0.15581    0.03478
2011  252  55121437      19.64       3.75      16.83      -9.03    2.72099    0.15343    0.04505
2011  252  55216562      19.21       1.46      14.45     -12.54    3.22005    0.14686    0.04174
2011  252  55327761      17.69       1.45       4.86     -13.11    3.71716    0.12446    0.06986
2011  252  55419679      14.16      -2.53      -8.17      -6.87    5.15335    0.07980    0.06382
2011  252  55519363      13.94       2.63       7.32     -11.41    5.18459    0.07732    0.09421
2011  252  55620445      16.39       2.38       7.39     -14.12    4.90432    0.10685    0.07565
2011  252  55715636      18.78       0.11       5.00     -17.84    2.64014    0.14028    0.04782
2011  252  55830660      21.31       5.20      12.88     -16.03    2.73647    0.18063    0.05031
2011  252  55924105      20.48       0.91       6.45     -18.40    3.08308    0.16685    0.06181
2011  252  56011460      19.32      -1.30       2.05     -19.16    4.14561    0.14848    0.10359
2011  252  56101914      20.22      -0.77       3.60     -19.85    3.74938    0.16269    0.09081
2011  252  56199996      19.15      -0.40       4.19     -18.65    3.75645    0.14586    0.07114
2011  252  56299683      20.08       0.53       5.22     -19.37    3.48584    0.16043    0.06610
2011  252  56397128      21.18       2.17       8.73     -18.98    2.89871    0.17848    0.05280
2011  252  56506652      21.75       2.39      11.09     -18.29    2.22177    0.18817    0.04086
2011  252  56606449      21.02       2.84      13.05     -16.18    2.72511    0.17582    0.04046
2011  252  56695367      21.54       2.22      12.46     -17.32    2.70647    0.18456    0.04015
2011  252  56793523      22.19       1.87      10.46     -19.47    2.13699    0.19586    0.03807
2011  252  56906972      22.31       0.76       8.45     -20.61    2.30198    0.19809    0.04610
2011  252  56991292      22.11       0.29       6.68     -20.99    2.10782    0.19446    0.03072
2011  252  57192097      19.49      -2.42       4.26     -18.65    4.54154    0.15116    0.05360
2011  252  57286289      18.58      -2.17       5.71     -17.34    4.59874    0.13739    0.10456
2011  252  57377605      18.04       4.84      11.91     -11.21    4.79220    0.12948    0.07757
2011  252  57587535      17.93       6.02      14.02      -9.31    5.18714    0.12792    0.10102
2011  252  57679519      17.58       5.18      14.19      -8.93    5.44110    0.12301    0.10197
2011  252  57774539      18.04       8.58      13.13      -8.38    4.47176    0.12946    0.05204
2011  252  57889519      17.73       8.94      13.75      -5.72    5.24632    0.12503    0.08419
2011  252  57976910      17.62       7.43      14.34      -6.44    6.20807    0.12358    0.10492
2011  252  58068894      18.40       8.68      13.93      -6.88    5.94213    0.13473    0.08020
2011  252  58173113      19.36       5.30      14.28     -11.64    5.22827    0.14914    0.04958
2011  252  58265921      19.40       5.26      16.76      -8.02    5.35167    0.14969    0.04779
2011  252  58357121      19.23       6.70      16.19      -7.75    4.45689    0.14712    0.05893
2011  252  58467644      18.98       8.63      16.27      -4.42    4.60176    0.14341    0.05436
2011  252  58568656      18.49       5.81      15.44      -7.75    5.30982    0.13611    0.05610
2011  252  58666949      17.87       5.99      13.35      -9.91    5.22142    0.12700    0.06712
2011  252  58765070      18.02       7.29      12.21     -10.96    4.58174    0.12914    0.04647
2011  252  58878554      18.16       4.30      16.67      -5.42    4.50322    0.13124    0.06981
2011  252  58962874      19.07       2.71      18.58      -2.30    3.87365    0.14476    0.09350
2011  252  59054792      18.53       2.05      17.86      -2.52    3.37726    0.13660    0.05517
2011  252  59154304      18.06       5.49      14.28      -9.30    4.06381    0.12984    0.05720
2011  252  59250890      17.88       5.37      12.24     -11.66    4.72271    0.12715    0.06879
2011  252  59350578      17.60       4.95      13.97      -9.45    4.77527    0.12328    0.06861
2011  252  59451042      16.56       5.63      14.05      -6.63    5.35262    0.10912    0.14547
2011  252  59549882      16.47       5.78      13.98      -6.49    4.59660    0.10800    0.07655
2011  252  59647964      16.65       5.21      14.29      -6.74    4.22977    0.11037    0.06856
2011  252  59746085      17.59       4.83      15.47      -6.80    4.30798    0.12307    0.06888
2011  252  59858035      18.50       6.34      16.02      -6.67    3.54859    0.13616    0.05721
2011  252  59942359      18.74       6.60      16.77      -4.91    4.11151    0.13977    0.06729
2011  252  60040441      18.01       8.54      15.53       2.04    4.21181    0.12902    0.04966
2011  252  60138562      19.66       6.27      18.27      -2.44    3.53175    0.15381    0.04619
2011  252  60229015      20.44       3.26      19.54      -4.90    3.10480    0.16616    0.03326
2011  252  60318757      20.77       6.48      19.29      -4.15    2.41808    0.17172    0.02705
2011  252  60432917      20.56       8.07      18.51      -3.61    2.80500    0.16816    0.02955
2011  252  60517277      18.66      10.02      15.61      -0.10    4.59898    0.13854    0.05933
2011  252  60636109      19.87      11.66      15.29      -4.79    3.63100    0.15712    0.04353
2011  252  60724386      19.85      10.44      15.60      -6.12    3.10006    0.15684    0.02247
2011  252  60828496      20.44       9.07      17.63      -4.69    3.31861    0.16623    0.03107
2011  252  60912785      21.14       8.75      18.69      -4.48    2.75711    0.17777    0.02514
2011  252  61017855      21.08       9.09      18.48      -4.37    3.16733    0.17673    0.03322
2011  252  61113761      21.28       8.77      18.56      -5.37    2.90224    0.18026    0.02378
2011  252  61219437      19.17       9.15      12.57     -10.98    3.36403    0.14616    0.03618
2011  252  61305296      17.61       8.00       8.72     -12.84    3.95119    0.12343    0.05791
2011  252  61408187      18.23       7.01       9.46     -13.81    3.59072    0.13223    0.05603
2011  252  61505386      17.91       7.31      11.76     -10.85    3.54154    0.12764    0.04336
2011  252  61616515      18.48       6.56      15.96      -6.49    3.58325    0.13588    0.06028
2011  252  61701695      18.53       6.12      15.70      -7.58    3.80136    0.13661    0.05757
2011  252  61800488      17.78       5.68      15.39      -6.47    4.17062    0.12579    0.05131
2011  252  61893976      17.26       7.28      15.61      -0.41    4.49059    0.11849    0.04912
2011  252  61989062      16.84       7.08      14.50      -1.01    3.96964    0.11278    0.05252
2011  252  62088855      19.26       7.39      16.90      -5.18    2.62327    0.14767    0.02339
2011  252  62189898      19.76       7.14      16.05      -9.04    1.86468    0.15538    0.01442
2011  252  62290339      19.69       5.26      17.06      -7.82    1.95062    0.15422    0.01855
2011  252  62385417      18.97       6.92      13.17     -11.50    2.19231    0.14320    0.02853
2011  252  62482726      18.22       7.93      12.84     -10.12    2.57482    0.13214    0.01801
2011  252  62593964      18.58       6.36      15.75      -7.44    2.35964    0.13736    0.02445
2011  252  62680636      18.38       5.38      16.13      -6.80    2.20118    0.13440    0.01433
2011  252  62793910      18.49      -1.82      15.17      -9.55    3.14799    0.13603    0.01114
2011  252  62888964      18.96      -0.93      15.98      -9.86    2.25331    0.14300    0.01041
2011  252  63076179      18.63      -4.23      17.71      -3.74    2.78991    0.13807    0.01649
2011  252  63166492      18.31      -1.74      17.14      -5.75    2.28130    0.13346    0.01231
2011  252  63266250      17.98       0.70      17.39      -4.22    2.62543    0.12867    0.02463
2011  252  63555972      17.81       5.35      14.04      -9.39    2.29686    0.12622    0.01956
2011  252  63669457      18.45       5.87      13.95     -10.51    2.24330    0.13551    0.01783
2011  252  63759910      18.38       5.42      15.08      -8.86    2.64898    0.13444    0.02606
2011  252  63864199      17.73       4.49      15.14      -7.80    3.16404    0.12510    0.03817
2011  252  63968484      17.77       3.26      16.87      -4.07    3.09844    0.12567    0.03861
2011  252  64060472      16.61       1.89      16.32      -2.09    3.58021    0.10978    0.03786
2011  252  64154699      16.73       3.68      14.49      -5.05    3.02926    0.11142    0.01814
2011  252  64250578      15.65       6.64       9.39     -10.34    4.33355    0.09748    0.04395
2011  252  64345628      15.71       7.37       8.63     -10.76    3.95791    0.09816    0.04133
2011  252  64452738      14.55       1.00       5.27     -12.51    4.28610    0.08419    0.04457
2011  252  64535664      14.74       1.93       7.71     -12.00    2.83012    0.08644    0.02354
2011  252  64639953      14.59       5.20       8.65     -10.47    2.92437    0.08466    0.05475
2011  252  64747988      14.25       5.71       8.52      -9.72    2.58928    0.08084    0.02367
2011  252  64836226      12.58       1.23      10.09      -2.08    5.44396    0.06295    0.03728
2011  252  64954273      11.08       0.65      10.95       1.19    6.05072    0.04887    0.05091
2011  252  65133648      10.52      -0.88      10.29       1.51    4.98623    0.04405    0.03379
2011  252  65233300       9.14      -0.32       8.96       1.58    4.53455    0.03325    0.02435
2011  252  65331417       8.69      -0.47       8.46       1.55    4.62887    0.03002    0.02617
2011  252  65428007       8.46      -1.44       8.05       2.08    4.64857    0.02848    0.02972
2011  252  65526125       8.22      -0.59       7.82       2.30    4.94601    0.02688    0.02966
2011  252  65625781       8.50      -1.11       7.69       2.78    4.86788    0.02877    0.02660
2011  252  65722359      10.35      -3.55       9.59       1.50    3.59152    0.04263    0.01836
2011  252  65820476       9.62      -3.00       8.83       2.21    4.01317    0.03684    0.02279
2011  252  65935468       8.67      -2.76       3.16       5.65    3.16344    0.02990    0.02185
2011  252  66013585       8.99      -3.14      -2.09       8.11    3.24495    0.03219    0.02385
2011  252  66114804       8.63      -2.68       1.21       7.93    3.68137    0.02961    0.02606
2011  252  66215843       8.38      -2.88       1.54       7.39    4.07113    0.02795    0.02899
2011  252  66311046       8.32      -3.00       3.64       6.75    3.84504    0.02757    0.02578
2011  252  66412265       8.24      -3.44       5.99       4.28    3.85175    0.02702    0.02716
2011  252  66504210       8.25      -3.65       3.68       6.28    4.08226    0.02710    0.02642
2011  252  66602328       8.65      -3.57       3.55       6.96    3.59029    0.02976    0.02324
2011  252  66700453       8.83      -3.34       2.72       7.67    3.52085    0.03101    0.02911
2011  252  66798570       9.10      -3.23       3.10       7.88    3.52716    0.03292    0.03178
2011  252  66914945       8.94      -3.92       2.44       7.64    3.37004    0.03180    0.02788
2011  252  67004039       8.96      -4.26       2.87       7.31    3.58270    0.03192    0.02697
2011  252  67092968       8.93      -4.08       1.71       7.60    3.49755    0.03176    0.03080
2011  252  67191046       8.79      -4.20       1.20       7.44    3.40558    0.03078    0.02321
2011  252  67289164       7.75      -3.51       4.01       5.38    3.91778    0.02389    0.03303
2011  252  67387281       5.54      -2.79       3.99       0.68    3.83691    0.01222    0.03193
2011  252  67485406       4.23      -0.99       2.18      -0.01    3.77735    0.00711    0.04088
2011  252  67587984       4.84      -4.00       2.25       0.83    3.84971    0.00932    0.03386
2011  252  67680789       5.29      -4.39       1.04      -2.47    5.47306    0.01113    0.12879
2011  252  67779624       7.58      -4.69       2.95      -4.36    3.11884    0.02285    0.01400
2011  252  67897851       9.42      -2.93       8.27      -2.40    3.26565    0.03534    0.01743
2011  252  67979101       9.62      -3.29       8.75      -1.90    2.98599    0.03686    0.01515
2011  252  68074156       9.65      -3.72       8.72      -1.79    2.65177    0.03707    0.01632
2011  252  68172273       9.90      -3.52       8.98      -2.20    2.45837    0.03903    0.01344
2011  252  68270398       9.95      -3.31       9.04      -2.38    2.53050    0.03938    0.01478
2011  252  68368515       9.86      -3.34       9.01      -2.15    2.82225    0.03866    0.01910
2011  252  68466632       9.50      -3.17       8.74      -1.65    2.74796    0.03587    0.01512
2011  252  68564750       8.96      -3.26       8.23      -1.25    3.05213    0.03191    0.01933
2011  252  68662875       9.18      -2.80       8.40      -2.34    2.91162    0.03350    0.01581
2011  252  68760992       9.23      -2.42       8.59      -2.11    3.25766    0.03388    0.02582
2011  252  68877507       9.06      -1.39       8.73      -0.01    3.38912    0.03264    0.02381
2011  252  68960289       7.97      -4.22       1.42      -4.66    3.20764    0.02526    0.03362
2011  252  69055351       7.02      -1.44       6.52       0.03    4.03881    0.01959    0.02220
2011  252  69153468       8.55      -2.38       8.19      -0.08    3.95998    0.02909    0.02002
2011  252  69251585       8.66      -2.25       8.30      -0.62    3.62719    0.02987    0.01849
2011  252  69349703       9.08      -2.64       8.51      -1.54    3.32655    0.03278    0.01527
2011  252  69447828       9.51      -3.06       8.94      -0.80    3.61914    0.03596    0.01618
2011  252  69545945       8.43      -2.63       7.98       0.23    4.58935    0.02827    0.02470
2011  252  69644062       9.00      -2.79       8.47       1.03    3.43851    0.03222    0.01864
2011  252  69742179       9.06      -2.73       8.55       0.94    3.55534    0.03267    0.02002
2011  252  69857171       7.85      -2.41       6.25       3.92    3.68970    0.02449    0.02640
2011  252  69947617       7.64      -1.92       7.04       1.95    3.69021    0.02322    0.02615
2011  252  70036539       7.74      -2.22       7.21       1.71    4.08454    0.02381    0.02406
2011  252  70131515       5.63      -2.43       3.82       2.79    4.66541    0.01263    0.05601
2011  252  70238875       6.31      -3.26       4.75       2.49    4.02563    0.01584    0.02575
2011  252  70330828       6.51      -3.54       4.80       2.42    3.94540    0.01684    0.02728
2011  252  70425914       7.47      -2.98       6.74       0.82    4.15750    0.02222    0.02620
2011  252  70533226       8.15      -3.57       7.21       0.90    3.86067    0.02641    0.01618
2011  252  70625257       7.96      -2.72       7.41       0.19    4.29840    0.02521    0.02592
2011  252  70723374       7.27      -2.70       6.71       0.45    4.13434    0.02101    0.02473
2011  252  70836789       7.17      -2.24       6.68       0.54    3.94831    0.02043    0.02652
2011  252  70925601       7.15      -2.37       6.43       0.16    3.97788    0.02034    0.02426
2011  252  71006968       8.34       1.84       5.10      -5.86    2.79585    0.02767    0.03081
2011  252  71131148       8.62       1.84       5.50      -6.29    2.94565    0.02959    0.02898
2011  252  71214648       7.85       1.53       5.05      -5.59    3.35065    0.02455    0.03944
2011  252  71312046       8.22      -0.65       7.06      -4.13    3.03999    0.02688    0.02707
2011  252  71413960       7.45      -1.44       6.10      -3.87    3.85244    0.02206    0.03020
2011  252  71505945       7.38      -2.47       5.65      -3.97    3.87549    0.02164    0.02382
2011  252  71604062       7.23      -3.19       5.37      -3.53    4.27165    0.02082    0.03267
2011  252  71702187       7.30      -3.07       5.49      -3.65    3.93012    0.02120    0.02419
2011  252  71799445       8.14      -2.78       6.46      -4.08    3.45719    0.02635    0.02508
2011  252  71904554       8.29      -3.04       6.70      -3.80    3.86826    0.02734    0.03022
2011  252  71992750       8.09      -3.41       6.50      -2.73    3.17644    0.02603    0.02656
2011  252  72114515       8.41      -5.28       6.39      -1.26    3.19267    0.02813    0.01897
2011  252  72195093       7.99      -4.85       6.17       1.14    3.25296    0.02542    0.02121
2011  252  72299343       7.93      -0.64       5.09      -4.35    3.56800    0.02500    0.03047
2011  252  72388257       8.29       2.72       2.54      -7.40    2.62292    0.02736    0.03380
2011  252  72495585       7.82       2.45       2.76      -6.89    2.61831    0.02436    0.03803
2011  252  72590632       8.05       2.57       2.72      -7.12    2.50238    0.02578    0.02886
2011  252  72688750       8.03       2.19       3.30      -6.97    2.52944    0.02565    0.03795
2011  252  72789937       5.32       0.95       2.05      -4.77    2.93666    0.01126    0.04481
2011  252  72878859       5.46       0.61       2.35      -4.85    2.95249    0.01187    0.04739
2011  252  72973914       4.21       0.56       1.22      -2.95    3.07163    0.00705    0.05308
2011  252  73088898       4.91       1.17      -2.03      -4.29    2.75316    0.00960    0.05943
2011  252  73176281       5.19       1.81      -1.19      -4.63    2.96103    0.01070    0.07562
2011  252  73274406       4.58       0.58       2.20      -3.85    2.74319    0.00834    0.05544
2011  252  73366390       4.07       1.54       1.68      -3.31    2.83486    0.00659    0.06030
2011  252  73464507       4.41       1.45       1.47      -3.85    2.83764    0.00773    0.05927
2011  252  73562624       3.73       0.63       2.01      -2.98    2.84762    0.00552    0.05909
2011  252  73660750       4.06       2.11       1.38      -3.08    2.87924    0.00655    0.06661
2011  252  73755804       4.39       1.91       1.81      -3.46    2.86840    0.00767    0.06540
2011  252  73863117       5.15       3.94      -0.94      -2.98    2.71429    0.01057    0.06800
2011  252  73958132       4.81       2.78      -1.80      -3.40    2.74614    0.00919    0.06889
2011  252  74068382       6.07       4.66      -1.75      -3.46    2.80031    0.01465    0.08261
2011  252  74153421       5.35       4.37       0.14      -2.58    2.38823    0.01140    0.04987
2011  252  74248468       4.54       2.30       2.56      -2.51    2.76225    0.00820    0.07104
2011  252  74353710       5.27       0.08       4.91      -1.74    2.51203    0.01106    0.03507
2011  252  74442640       5.84       0.97       5.34      -1.99    2.40488    0.01356    0.03368
2011  252  74540750       5.99       1.72       3.47      -4.49    2.66890    0.01425    0.05768
2011  252  74645000       6.48       0.93       5.29      -3.55    2.53280    0.01668    0.03703
2011  252  74736984       6.77       0.27       5.86      -3.37    2.44255    0.01824    0.03245
2011  252  74834937       6.89      -0.72      -0.48      -5.65    2.56496    0.01890    0.03730
2011  252  74933054       8.03       0.44      -0.28      -7.91    2.90944    0.02568    0.03363
2011  252  75043578       8.81       0.39      -1.87      -8.56    2.61975    0.03092    0.03321
2011  252  75129429       6.60       0.67      -3.17      -5.57    3.19282    0.01735    0.03501
2011  252  75224484       7.30       0.62      -1.03      -7.12    2.37626    0.02122    0.02799
2011  252  75322601       5.02       0.70      -0.52      -4.78    2.86427    0.01004    0.04412
2011  252  75420718       2.98       2.37      -0.13      -1.79    3.36426    0.00354    0.05376
2011  252  75514312       4.44       3.63      -0.83      -2.38    3.30138    0.00784    0.06308
2011  252  75616960       1.79       1.47      -0.10      -1.00    3.36620    0.00127    0.05299
2011  252  75715117       4.48       3.88      -0.32      -2.15    3.13700    0.00799    0.05490
2011  252  75808632       5.56       4.45       0.13      -3.28    3.12001    0.01229    0.05827
2011  252  75917445       5.35       3.10      -0.66      -4.09    3.24106    0.01137    0.05147
2011  252  76024804       6.04       2.52       1.16      -5.26    3.00211    0.01451    0.06120
2011  252  76110656       5.43       2.21       1.40      -4.73    3.03661    0.01175    0.04608
2011  252  76199445       7.28       3.62       2.49      -5.44    2.68900    0.02110    0.03166
2011  252  76295992       8.27      -0.12      -0.73      -8.12    3.09146    0.02720    0.03704
2011  252  76401773       7.05      -4.55      -4.37      -2.93    4.01472    0.01975    0.02705
2011  252  76493765       7.58      -4.56      -4.35      -4.02    4.88386    0.02284    0.03846
2011  252  76598007       7.26      -4.78      -4.01      -3.48    4.71539    0.02097    0.03196
2011  252  76686929       7.42      -4.08      -5.24      -2.90    5.12132    0.02190    0.04127
2011  252  76792046       7.81      -4.73      -5.19      -2.95    5.03135    0.02429    0.02665
2011  252  76888585       7.88      -3.55      -4.61      -5.12    4.76078    0.02470    0.02917
2011  252  77005820       8.27      -4.96      -3.80      -5.21    4.29686    0.02722    0.01993
2011  252  77088617       8.48      -6.75      -3.42      -3.59    4.81657    0.02863    0.02242
2011  252  77180601       8.61      -6.51      -4.88      -2.51    4.87709    0.02947    0.02977
2011  252  77288703       8.33      -7.42      -3.62      -0.47    4.60693    0.02761    0.02405
2011  252  77378328       8.70      -7.47      -4.37      -0.49    4.38866    0.03012    0.02271
2011  252  77484148       9.58      -8.74      -2.56       2.91    4.07714    0.03650    0.01393
2011  252  77582273       9.68      -8.67      -2.97       2.91    4.34737    0.03729    0.01574
2011  252  77680390       9.74      -8.72      -2.76       3.25    4.44218    0.03772    0.01404
2011  252  77775445       9.77      -8.10      -1.55       5.10    4.62297    0.03797    0.02182
2011  252  77873562       9.74      -8.11      -1.46       5.18    4.58449    0.03776    0.01955
2011  252  77989406       9.18      -7.75      -1.68       3.78    4.87195    0.03355    0.03601
2011  252  78070585       8.61      -8.32      -1.81       0.37    5.15700    0.02951    0.02785
2011  252  78164851       9.44      -9.23      -0.36       0.18    4.56618    0.03542    0.01642
2011  252  78462414       9.54      -8.12      -3.45       3.52    3.85822    0.03618    0.01663
2011  252  78560359       8.16      -6.07      -3.89      -0.62    4.13771    0.02647    0.02714
2011  252  78655453       7.70      -5.79      -2.69      -3.91    4.52092    0.02362    0.02814
2011  252  78753539       7.64      -5.30      -4.00      -3.72    4.60641    0.02321    0.02802
2011  252  78848625       8.17      -5.90      -3.80      -4.00    4.10363    0.02656    0.02514
2011  252  78968164       8.49      -6.39      -3.66      -4.18    4.21790    0.02865    0.02900
2011  252  79047929       8.01      -5.80      -3.48      -4.25    4.64504    0.02552    0.03006
2011  252  79142945       7.69      -4.14      -4.82      -4.25    4.44639    0.02356    0.03148
2011  252  79247234       8.09      -4.71      -4.96      -4.24    4.34687    0.02607    0.02900
2011  252  79336117       7.65      -3.78      -6.04      -2.64    4.12177    0.02329    0.02863
2011  252  79442046       7.64      -3.57      -5.01      -4.08    4.73167    0.02323    0.02129
2011  252  79535492       7.83      -0.50       6.66      -3.16    4.68344    0.02438    0.02929
2011  252  79639742       8.27       0.44       7.29      -2.49    4.01663    0.02724    0.01612
2011  252  79739468       8.48      -0.87      -1.38      -6.15    3.68736    0.02858    0.00987
2011  252  79835914       8.28      -1.56      -5.67      -5.80    3.90218    0.02728    0.02858
2011  252  79952421       7.66      -0.11      -5.78      -5.02    3.86262    0.02335    0.03239
2011  252  80038281       8.34      -0.84      -6.73      -4.83    3.76078    0.02770    0.02812
2011  252  80129585       9.16      -1.69      -7.04      -5.55    3.38859    0.03342    0.02515
2011  252  80231453       9.93      -1.71      -8.08      -5.45    3.33265    0.03924    0.02603
2011  252  80329570      10.30      -1.53      -8.44      -5.62    3.46351    0.04218    0.02354
2011  252  80427695      10.45      -1.84      -8.56      -5.65    3.42763    0.04347    0.01999
2011  252  80525812      10.68      -1.59      -9.09      -5.33    3.53051    0.04536    0.02548
2011  252  80621007      11.10      -1.13      -9.66      -5.34    3.17479    0.04905    0.01798
2011  252  80722187       9.24      -0.24      -3.51       5.83    5.13492    0.03396    0.03685
2011  252  80817929       7.84      -1.85      -3.51       5.65    4.94697    0.02443    0.04987
2011  252  80932976       7.68      -1.57      -2.95       5.85    4.12745    0.02347    0.02878
2011  252  81019648       7.83      -4.17      -1.51       6.23    5.21234    0.02439    0.04284
2011  252  81116953       7.90      -3.58      -2.24       6.21    5.26676    0.02482    0.03287
2011  252  81215781       5.87      -3.14       0.99       4.78    6.05763    0.01370    0.04465
2011  252  81310937       7.23      -2.73      -1.23       6.31    5.04150    0.02082    0.02960
2011  252  81409054       7.95      -1.91      -2.12       7.24    5.24216    0.02517    0.03271
2011  252  81504007       9.20       0.33      -2.75       8.62    3.97830    0.03370    0.02980
2011  252  81611429       9.36      -1.88      -5.50       7.00    4.08531    0.03486    0.02775
2011  252  81700312      10.58      -2.07      -9.67       0.41    3.05045    0.04456    0.02133
2011  252  81804421      10.03      -1.70      -9.16      -1.33    3.90581    0.04005    0.02498
2011  252  81914945      10.28      -1.22      -8.62       4.87    3.24375    0.04206    0.01817
2011  252  81997601      10.09      -0.36      -9.74       1.89    3.41908    0.04055    0.02460
2011  252  82098921       9.95      -1.19      -9.10       3.12    3.53872    0.03943    0.02773
2011  252  82190914      10.01      -2.18      -8.64       3.56    3.52467    0.03986    0.02252
2011  252  82289031      10.31      -2.83      -8.85       4.42    3.32429    0.04232    0.02285
2011  252  82389367       9.79      -2.50      -8.00       4.88    3.50043    0.03815    0.02374
2011  252  82485273       9.71      -2.27      -8.82       2.66    3.78609    0.03750    0.02416
2011  252  82586312       9.56      -1.93      -8.04      -4.77    3.58445    0.03635    0.02415
2011  252  82682210       9.28      -2.28      -7.52      -4.83    4.22136    0.03426    0.03226
2011  252  82772671       9.47      -2.32      -7.44      -5.26    3.91079    0.03571    0.02278
2011  252  82895999       9.92      -2.75      -8.82      -3.52    3.78674    0.03914    0.01863
2011  252  82978789       9.90      -2.97      -8.51      -3.99    4.19976    0.03903    0.02075
2011  252  83073156      10.05      -2.55      -9.61      -0.19    3.90735    0.04019    0.01863
2011  252  83173640      10.12      -0.60     -10.01       0.54    4.21842    0.04078    0.02169
2011  252  83267015      10.19       0.08      -9.84      -0.33    4.54548    0.04128    0.02746
2011  252  83371265      10.59      -2.40      -9.29      -4.32    3.94967    0.04467    0.02076
2011  252  83463250      10.50      -3.15      -8.53      -5.08    3.89150    0.04385    0.01898
2011  252  83566820      10.30      -2.74      -9.13      -3.34    4.63994    0.04218    0.02531
2011  252  83659492      10.02      -1.71      -8.88      -3.72    4.46441    0.03994    0.02417
2011  252  83761523       9.93      -1.43      -9.04      -3.57    4.51608    0.03921    0.02086
2011  252  83875796       9.61      -0.83      -7.66      -5.35    4.88388    0.03671    0.02519
2011  252  83961648       9.93      -2.28      -8.69      -4.16    4.44275    0.03921    0.01831
2011  252  84053632      10.12      -2.55      -8.96      -3.72    4.45173    0.04072    0.01967
2011  252  84153289      10.13      -2.63      -8.95      -3.85    4.60442    0.04086    0.02119
2011  252  84250585      10.27      -2.12      -8.36      -5.46    4.63967    0.04195    0.02112
2011  252  84347992      10.23      -1.99      -8.31      -5.53    4.80062    0.04161    0.02189
2011  252  84447500      10.41      -1.74      -8.39      -5.89    4.26875    0.04311    0.01523
2011  252  84545617      10.43      -1.82      -9.05      -4.65    5.13440    0.04326    0.02380
2011  252  84643875       9.65      -2.26      -7.27      -5.90    5.11233    0.03706    0.02228
2011  252  84740328      10.21      -1.74      -7.79      -6.31    4.77170    0.04152    0.02751
2011  252  84855312      10.93      -1.92      -5.62      -8.97    4.35740    0.04751    0.02526
2011  252  84938874      10.58       0.50      -4.27      -9.63    4.31421    0.04455    0.02180
2011  252  85034679      10.24       0.30      -2.46      -9.86    4.12634    0.04174    0.01702
2011  252  85134468       9.68       1.02      -2.24      -9.03    4.36929    0.03728    0.02382
2011  252  85230234       9.84       1.40      -3.50      -9.06    4.31482    0.03855    0.02112
2011  252  85333640       9.81       1.48      -2.46      -9.31    4.14218    0.03829    0.01271
2011  252  85428828       9.74       3.33      -0.20      -9.07    4.65899    0.03777    0.02630
2011  252  85526804      10.15       2.01      -1.21      -9.83    3.87849    0.04099    0.01862
2011  252  85623390      10.61       1.51      -0.79     -10.46    3.29567    0.04478    0.01654
2011  252  85721507      10.74       1.71      -0.80     -10.56    3.40511    0.04585    0.01739
2011  252  85837343      10.22       1.20      -0.31     -10.15    3.93416    0.04159    0.02173
2011  252  85919281      10.05       0.81      -1.30      -9.89    4.47846    0.04018    0.02275
2011  252  86017398      10.03       0.86      -1.04      -9.93    4.23263    0.04001    0.02077
2011  252  86115515       9.62       0.53      -0.86      -9.52    4.34324    0.03679    0.02113
2011  252  86214484       9.15       0.44      -0.79      -9.07    4.58387    0.03331    0.02186
2011  252  86311750       9.63       0.53      -0.27      -9.57    4.03477    0.03692    0.02079
